0
260	2600
1
1
21
21
21
25
25
14
14
14
9
14
14
26
4
17
34
1
1
14
9
9
9
11
11
11
11
11
11
11
11
11
11
11
11
11
11
11
11
11
11
5
34
14
14
17
17
10
10
36
37
5
7
4
22
22
21
21
21
21
7
7
36
21
25
4
8
15
15
15
37
37
9
1
1
10
10
3
3
3
29
15
36
36
37
1
36
34
20
20
8
15
9
4
5
4
20
16
16
16
16
16
38
7
7
34
38
36
8
27
8
8
8
10
10
13
13
6
26
10
1
36
0
13
16
16
22
6
5
4
0
28
28
4
2
13
13
21
21
17
17
14
36
8
40
35
15
23
0
0
7
10
37
27
35
35
0
0
19
19
36
14
37
24
17
13
36
4
4
13
13
10
4
38
32
32
4
1
0
0
0
7
7
4
15
16
40
15
15
15
15
0
21
21
21
21
5
4
4
4
4
4
4
4
5
5
4
4
22
19
19
22
34
14
0
1
17
37
1
1
1
1
1
1
1
1
1
1
1
10
23
0
4
19
19
19
19
19
19
19
19
19
19
19
19
10
14
14
1
14
7
13
20
31
40
6
4
0
8
9
0	1	1
0	2	1
0	5	1
0	6	1
0	7	1
0	8	1
0	9	1
0	10	1
0	11	1
0	12	1
0	13	1
0	15	1
0	16	1
0	17	1
0	18	1
0	20	1
0	21	1
0	23	1
0	25	1
0	27	1
0	29	1
0	33	1
0	34	1
0	35	1
0	37	1
0	39	1
0	40	1
0	44	1
0	45	1
0	49	1
0	50	1
0	51	1
0	52	1
0	53	1
0	57	1
0	61	1
0	65	1
0	66	1
0	67	1
0	69	1
0	70	1
0	73	1
0	75	1
0	76	1
0	77	1
0	80	1
0	81	1
0	82	1
0	85	1
0	87	1
0	90	1
0	91	1
0	93	1
0	98	1
0	99	1
0	100	1
0	103	1
0	104	1
0	108	1
0	114	1
0	117	1
0	126	1
0	128	1
0	130	1
0	131	1
0	132	1
0	133	1
0	134	1
0	135	1
0	138	1
0	139	1
0	140	1
0	143	1
0	146	1
0	150	1
0	152	1
0	153	1
0	155	1
0	162	1
0	163	1
0	166	1
0	170	1
0	171	1
0	172	1
0	175	1
0	176	1
0	182	1
0	183	1
0	195	1
0	196	1
0	197	1
0	207	1
0	210	1
0	211	1
0	213	1
0	216	1
0	226	1
0	227	1
0	231	1
0	236	1
1	2	1
1	3	1
1	4	1
1	5	1
1	7	1
1	9	1
1	11	1
1	13	1
1	16	1
1	17	1
1	18	1
1	20	1
1	23	1
1	25	1
1	26	1
1	27	1
1	28	1
1	29	1
1	31	1
1	33	1
1	34	1
1	35	1
1	37	1
1	38	1
1	39	1
1	41	1
1	42	1
1	43	1
1	44	1
1	47	1
1	49	1
1	51	1
1	56	1
1	57	1
1	58	1
1	66	1
1	67	1
1	68	1
1	70	1
1	71	1
1	74	1
1	75	1
1	77	1
1	80	1
1	81	1
1	82	1
1	83	1
1	85	1
1	91	1
1	94	1
1	97	1
1	99	1
1	110	1
1	114	1
1	123	1
1	124	1
1	128	1
1	130	1
1	131	1
1	132	1
1	133	1
1	134	1
1	136	1
1	138	1
1	139	1
1	141	1
1	142	1
1	146	1
1	148	1
1	149	1
1	153	1
1	154	1
1	157	1
1	162	1
1	163	1
1	164	1
1	165	1
1	166	1
1	167	1
1	169	1
1	170	1
1	171	1
1	172	1
1	174	1
1	177	1
1	178	1
1	180	1
1	186	1
1	190	1
1	195	1
1	196	1
1	199	1
1	202	1
1	203	1
1	204	1
1	227	1
1	233	1
1	243	1
1	246	1
1	253	1
1	254	1
2	3	1
2	8	1
2	10	1
2	11	1
2	13	1
2	14	1
2	16	1
2	17	1
2	20	1
2	21	1
2	23	1
2	25	1
2	26	1
2	27	1
2	31	1
2	33	1
2	34	1
2	35	1
2	36	1
2	40	1
2	41	1
2	42	1
2	43	1
2	46	1
2	47	1
2	51	1
2	58	1
2	66	1
2	67	1
2	69	1
2	70	1
2	71	1
2	74	1
2	76	1
2	81	1
2	82	1
2	83	1
2	86	1
2	91	1
2	95	1
2	98	1
2	101	1
2	103	1
2	106	1
2	110	1
2	115	1
2	118	1
2	121	1
2	130	1
2	133	1
2	135	1
2	136	1
2	140	1
2	144	1
2	145	1
2	146	1
2	147	1
2	155	1
2	159	1
2	162	1
2	164	1
2	165	1
2	166	1
2	170	1
2	179	1
2	185	1
2	195	1
2	199	1
2	201	1
2	209	1
2	211	1
2	213	1
2	227	1
2	238	1
2	239	1
2	245	1
3	4	1
3	5	1
3	6	1
3	8	1
3	9	1
3	12	1
3	16	1
3	17	1
3	18	1
3	19	1
3	20	1
3	24	1
3	28	1
3	33	1
3	34	1
3	35	1
3	38	1
3	41	1
3	50	1
3	56	1
3	63	1
3	66	1
3	71	1
3	72	1
3	73	1
3	74	1
3	75	1
3	83	1
3	91	1
3	92	1
3	98	1
3	101	1
3	102	1
3	105	1
3	106	1
3	117	1
3	130	1
3	134	1
3	135	1
3	138	1
3	142	1
3	144	1
3	147	1
3	148	1
3	150	1
3	163	1
3	165	1
3	166	1
3	168	1
3	170	1
3	179	1
3	197	1
3	199	1
3	207	1
3	211	1
3	224	1
3	227	1
3	229	1
3	230	1
4	5	1
4	9	1
4	16	1
4	17	1
4	20	1
4	21	1
4	24	1
4	25	1
4	27	1
4	30	1
4	33	1
4	34	1
4	37	1
4	38	1
4	41	1
4	45	1
4	50	1
4	53	1
4	58	1
4	63	1
4	67	1
4	69	1
4	71	1
4	78	1
4	83	1
4	87	1
4	89	1
4	94	1
4	99	1
4	105	1
4	106	1
4	107	1
4	114	1
4	130	1
4	132	1
4	137	1
4	138	1
4	139	1
4	142	1
4	146	1
4	150	1
4	156	1
4	157	1
4	162	1
4	164	1
4	165	1
4	167	1
4	168	1
4	171	1
4	179	1
4	181	1
4	183	1
4	192	1
4	196	1
4	205	1
4	211	1
4	218	1
4	219	1
4	227	1
4	243	1
4	247	1
5	6	1
5	7	1
5	9	1
5	10	1
5	15	1
5	16	1
5	17	1
5	19	1
5	25	1
5	27	1
5	29	1
5	33	1
5	34	1
5	35	1
5	36	1
5	37	1
5	41	1
5	45	1
5	53	1
5	54	1
5	59	1
5	66	1
5	67	1
5	69	1
5	71	1
5	74	1
5	98	1
5	100	1
5	103	1
5	104	1
5	105	1
5	106	1
5	115	1
5	130	1
5	134	1
5	138	1
5	140	1
5	144	1
5	148	1
5	154	1
5	164	1
5	171	1
5	196	1
5	203	1
5	209	1
5	210	1
5	211	1
5	227	1
5	243	1
5	246	1
5	251	1
5	253	1
6	8	1
6	9	1
6	10	1
6	12	1
6	17	1
6	25	1
6	26	1
6	28	1
6	29	1
6	33	1
6	35	1
6	37	1
6	38	1
6	39	1
6	49	1
6	53	1
6	67	1
6	71	1
6	75	1
6	80	1
6	82	1
6	97	1
6	112	1
6	124	1
6	127	1
6	131	1
6	134	1
6	135	1
6	139	1
6	146	1
6	156	1
6	159	1
6	161	1
6	164	1
6	165	1
6	168	1
6	195	1
6	196	1
6	197	1
6	199	1
6	200	1
6	205	1
6	207	1
6	214	1
6	238	1
7	9	1
7	10	1
7	13	1
7	14	1
7	16	1
7	17	1
7	18	1
7	21	1
7	33	1
7	34	1
7	36	1
7	41	1
7	62	1
7	66	1
7	68	1
7	69	1
7	70	1
7	87	1
7	99	1
7	120	1
7	130	1
7	134	1
7	163	1
7	165	1
7	171	1
7	175	1
7	187	1
7	189	1
7	200	1
7	203	1
7	208	1
7	244	1
7	251	1
8	9	1
8	10	1
8	11	1
8	12	1
8	17	1
8	18	1
8	19	1
8	20	1
8	21	1
8	25	1
8	26	1
8	29	1
8	33	1
8	34	1
8	36	1
8	37	1
8	40	1
8	41	1
8	50	1
8	53	1
8	65	1
8	71	1
8	74	1
8	86	1
8	88	1
8	89	1
8	91	1
8	98	1
8	106	1
8	113	1
8	120	1
8	123	1
8	130	1
8	132	1
8	133	1
8	134	1
8	136	1
8	138	1
8	139	1
8	142	1
8	144	1
8	146	1
8	150	1
8	166	1
8	175	1
8	177	1
8	178	1
8	200	1
8	203	1
8	204	1
8	206	1
8	216	1
8	227	1
8	229	1
8	251	1
9	10	1
9	13	1
9	14	1
9	17	1
9	20	1
9	26	1
9	27	1
9	29	1
9	30	1
9	33	1
9	34	1
9	37	1
9	38	1
9	45	1
9	47	1
9	49	1
9	50	1
9	52	1
9	53	1
9	66	1
9	68	1
9	82	1
9	86	1
9	97	1
9	99	1
9	117	1
9	120	1
9	125	1
9	130	1
9	131	1
9	132	1
9	134	1
9	135	1
9	136	1
9	138	1
9	139	1
9	142	1
9	148	1
9	149	1
9	150	1
9	166	1
9	174	1
9	178	1
9	181	1
9	191	1
9	195	1
9	196	1
9	197	1
9	226	1
9	227	1
9	228	1
9	231	1
9	235	1
10	11	1
10	12	1
10	13	1
10	16	1
10	17	1
10	18	1
10	27	1
10	32	1
10	33	1
10	37	1
10	38	1
10	52	1
10	54	1
10	57	1
10	60	1
10	66	1
10	67	1
10	68	1
10	70	1
10	71	1
10	78	1
10	82	1
10	95	1
10	100	1
10	130	1
10	131	1
10	133	1
10	134	1
10	147	1
10	159	1
10	189	1
10	196	1
10	201	1
10	202	1
10	212	1
10	217	1
10	224	1
10	230	1
11	12	1
11	16	1
11	19	1
11	25	1
11	33	1
11	34	1
11	36	1
11	38	1
11	53	1
11	55	1
11	57	1
11	67	1
11	68	1
11	82	1
11	95	1
11	124	1
11	130	1
11	132	1
11	138	1
11	146	1
11	167	1
11	195	1
11	201	1
11	215	1
12	16	1
12	17	1
12	21	1
12	30	1
12	31	1
12	33	1
12	37	1
12	38	1
12	40	1
12	42	1
12	50	1
12	54	1
12	63	1
12	65	1
12	66	1
12	68	1
12	69	1
12	70	1
12	71	1
12	72	1
12	76	1
12	78	1
12	82	1
12	86	1
12	98	1
12	110	1
12	114	1
12	122	1
12	130	1
12	134	1
12	141	1
12	146	1
12	147	1
12	172	1
12	196	1
12	201	1
12	205	1
12	231	1
13	17	1
13	20	1
13	21	1
13	33	1
13	35	1
13	40	1
13	42	1
13	65	1
13	66	1
13	68	1
13	69	1
13	90	1
13	98	1
13	101	1
13	115	1
13	132	1
13	134	1
13	154	1
13	163	1
13	191	1
13	195	1
13	199	1
13	203	1
13	219	1
13	223	1
13	255	1
13	258	1
14	16	1
14	33	1
14	34	1
14	43	1
14	49	1
14	65	1
14	74	1
14	75	1
14	77	1
14	79	1
14	119	1
14	122	1
14	130	1
14	131	1
14	138	1
14	150	1
14	158	1
14	164	1
14	196	1
15	19	1
15	20	1
15	25	1
15	31	1
15	66	1
15	68	1
15	99	1
15	132	1
15	140	1
15	146	1
15	153	1
15	170	1
15	171	1
15	196	1
15	247	1
16	19	1
16	21	1
16	22	1
16	24	1
16	25	1
16	26	1
16	27	1
16	29	1
16	33	1
16	34	1
16	35	1
16	37	1
16	43	1
16	47	1
16	49	1
16	57	1
16	64	1
16	65	1
16	66	1
16	67	1
16	68	1
16	69	1
16	71	1
16	85	1
16	87	1
16	92	1
16	93	1
16	102	1
16	107	1
16	118	1
16	132	1
16	134	1
16	135	1
16	141	1
16	142	1
16	153	1
16	155	1
16	162	1
16	174	1
16	177	1
16	179	1
16	181	1
16	184	1
16	195	1
16	197	1
16	209	1
16	212	1
16	229	1
16	232	1
16	245	1
17	18	1
17	25	1
17	33	1
17	34	1
17	37	1
17	49	1
17	61	1
17	65	1
17	67	1
17	68	1
17	78	1
17	81	1
17	82	1
17	84	1
17	86	1
17	91	1
17	98	1
17	101	1
17	105	1
17	116	1
17	121	1
17	124	1
17	127	1
17	130	1
17	131	1
17	134	1
17	144	1
17	146	1
17	150	1
17	152	1
17	160	1
17	162	1
17	164	1
17	167	1
17	170	1
17	171	1
17	172	1
17	181	1
17	190	1
17	192	1
17	195	1
17	228	1
17	238	1
17	245	1
17	255	1
18	21	1
18	25	1
18	27	1
18	28	1
18	30	1
18	33	1
18	42	1
18	44	1
18	45	1
18	52	1
18	62	1
18	65	1
18	66	1
18	71	1
18	74	1
18	79	1
18	80	1
18	82	1
18	85	1
18	89	1
18	98	1
18	99	1
18	106	1
18	123	1
18	124	1
18	130	1
18	133	1
18	134	1
18	140	1
18	146	1
18	154	1
18	167	1
18	171	1
18	178	1
18	181	1
18	182	1
18	193	1
18	196	1
18	198	1
18	199	1
18	226	1
18	228	1
18	247	1
19	20	1
19	34	1
19	37	1
19	39	1
19	41	1
19	42	1
19	53	1
19	58	1
19	61	1
19	68	1
19	69	1
19	83	1
19	85	1
19	86	1
19	98	1
19	130	1
19	131	1
19	132	1
19	133	1
19	138	1
19	141	1
19	162	1
19	166	1
19	175	1
19	180	1
19	183	1
19	195	1
19	250	1
20	35	1
20	37	1
20	39	1
20	40	1
20	45	1
20	55	1
20	67	1
20	82	1
20	93	1
20	98	1
20	110	1
20	115	1
20	135	1
20	146	1
20	148	1
20	154	1
20	160	1
20	167	1
20	170	1
20	171	1
20	185	1
20	211	1
21	25	1
21	27	1
21	29	1
21	34	1
21	41	1
21	65	1
21	67	1
21	68	1
21	69	1
21	82	1
21	91	1
21	98	1
21	102	1
21	130	1
21	131	1
21	132	1
21	133	1
21	134	1
21	155	1
21	163	1
21	175	1
21	195	1
21	198	1
21	204	1
21	207	1
21	211	1
21	216	1
21	223	1
21	227	1
21	256	1
22	81	1
22	130	1
22	135	1
22	195	1
22	245	1
23	28	1
23	36	1
23	37	1
23	45	1
23	53	1
23	70	1
23	71	1
23	74	1
23	75	1
23	86	1
23	101	1
23	104	1
23	111	1
23	130	1
23	136	1
23	155	1
23	156	1
23	180	1
23	182	1
23	207	1
23	211	1
24	30	1
24	33	1
24	35	1
24	78	1
24	118	1
24	146	1
24	154	1
24	155	1
24	200	1
24	204	1
24	228	1
25	33	1
25	34	1
25	39	1
25	50	1
25	53	1
25	57	1
25	59	1
25	65	1
25	66	1
25	68	1
25	70	1
25	74	1
25	78	1
25	106	1
25	122	1
25	138	1
25	139	1
25	140	1
25	141	1
25	143	1
25	162	1
25	163	1
25	164	1
25	182	1
25	197	1
25	206	1
25	219	1
25	220	1
25	221	1
25	227	1
25	233	1
25	249	1
26	33	1
26	35	1
26	41	1
26	47	1
26	74	1
26	88	1
26	98	1
26	112	1
26	114	1
26	126	1
26	134	1
26	146	1
26	178	1
26	195	1
26	215	1
26	227	1
27	30	1
27	47	1
27	68	1
27	69	1
27	83	1
27	85	1
27	98	1
27	106	1
27	132	1
27	134	1
27	138	1
27	146	1
27	148	1
27	163	1
27	180	1
27	188	1
27	228	1
27	247	1
28	65	1
28	81	1
28	90	1
28	112	1
28	132	1
28	163	1
28	212	1
29	34	1
29	39	1
29	43	1
29	69	1
29	71	1
29	90	1
29	114	1
29	131	1
29	134	1
29	136	1
29	140	1
29	146	1
29	148	1
29	150	1
29	155	1
29	166	1
29	195	1
29	238	1
29	243	1
30	34	1
30	42	1
30	45	1
30	67	1
30	72	1
30	134	1
30	164	1
30	167	1
30	168	1
31	45	1
31	50	1
31	71	1
31	77	1
31	131	1
31	154	1
31	212	1
32	54	1
32	58	1
32	147	1
33	34	1
33	39	1
33	41	1
33	42	1
33	43	1
33	49	1
33	50	1
33	53	1
33	63	1
33	65	1
33	66	1
33	67	1
33	71	1
33	72	1
33	74	1
33	75	1
33	77	1
33	78	1
33	79	1
33	82	1
33	83	1
33	84	1
33	90	1
33	91	1
33	95	1
33	98	1
33	99	1
33	114	1
33	116	1
33	122	1
33	130	1
33	132	1
33	134	1
33	138	1
33	139	1
33	146	1
33	147	1
33	149	1
33	150	1
33	153	1
33	155	1
33	158	1
33	160	1
33	162	1
33	163	1
33	166	1
33	167	1
33	170	1
33	186	1
33	197	1
33	200	1
33	206	1
33	212	1
33	216	1
33	219	1
33	223	1
33	227	1
33	229	1
33	231	1
33	251	1
34	36	1
34	39	1
34	56	1
34	57	1
34	59	1
34	68	1
34	73	1
34	77	1
34	88	1
34	90	1
34	101	1
34	106	1
34	107	1
34	130	1
34	131	1
34	140	1
34	146	1
34	147	1
34	149	1
34	151	1
34	154	1
34	158	1
34	162	1
34	164	1
34	166	1
34	171	1
34	188	1
34	189	1
34	195	1
34	197	1
34	199	1
34	219	1
34	220	1
34	231	1
34	233	1
35	36	1
35	38	1
35	40	1
35	46	1
35	48	1
35	49	1
35	52	1
35	65	1
35	66	1
35	67	1
35	68	1
35	71	1
35	73	1
35	75	1
35	81	1
35	82	1
35	84	1
35	90	1
35	92	1
35	97	1
35	99	1
35	106	1
35	114	1
35	134	1
35	136	1
35	138	1
35	140	1
35	146	1
35	152	1
35	155	1
35	163	1
35	164	1
35	165	1
35	169	1
35	172	1
35	175	1
35	177	1
35	191	1
35	201	1
35	203	1
35	212	1
36	58	1
36	66	1
36	68	1
36	70	1
36	71	1
36	105	1
36	131	1
36	133	1
36	136	1
36	138	1
36	141	1
36	143	1
36	146	1
36	149	1
36	163	1
36	198	1
36	203	1
36	216	1
36	238	1
36	240	1
36	243	1
37	38	1
37	39	1
37	43	1
37	44	1
37	45	1
37	53	1
37	57	1
37	66	1
37	71	1
37	73	1
37	75	1
37	76	1
37	83	1
37	84	1
37	98	1
37	101	1
37	107	1
37	114	1
37	122	1
37	130	1
37	131	1
37	132	1
37	134	1
37	136	1
37	138	1
37	154	1
37	156	1
37	159	1
37	163	1
37	166	1
37	167	1
37	169	1
37	174	1
37	178	1
37	195	1
37	197	1
37	199	1
37	203	1
37	207	1
37	211	1
37	217	1
38	41	1
38	58	1
38	63	1
38	65	1
38	68	1
38	71	1
38	81	1
38	87	1
38	93	1
38	97	1
38	101	1
38	103	1
38	104	1
38	110	1
38	120	1
38	138	1
38	141	1
38	146	1
38	156	1
38	195	1
38	196	1
38	197	1
38	217	1
39	49	1
39	51	1
39	54	1
39	65	1
39	66	1
39	97	1
39	99	1
39	109	1
39	145	1
39	162	1
39	163	1
39	164	1
39	175	1
39	201	1
39	202	1
39	254	1
40	45	1
40	48	1
40	49	1
40	73	1
40	99	1
40	173	1
41	46	1
41	49	1
41	65	1
41	66	1
41	73	1
41	76	1
41	81	1
41	82	1
41	89	1
41	99	1
41	101	1
41	106	1
41	107	1
41	114	1
41	123	1
41	130	1
41	131	1
41	132	1
41	133	1
41	135	1
41	137	1
41	138	1
41	139	1
41	146	1
41	147	1
41	151	1
41	152	1
41	161	1
41	196	1
41	197	1
41	201	1
41	203	1
41	208	1
41	212	1
41	243	1
42	44	1
42	47	1
42	65	1
42	81	1
42	85	1
42	89	1
42	98	1
42	130	1
42	138	1
42	156	1
42	213	1
42	230	1
43	46	1
43	47	1
43	50	1
43	98	1
43	107	1
43	111	1
43	151	1
43	162	1
43	164	1
43	166	1
43	170	1
43	172	1
43	195	1
43	198	1
43	205	1
43	208	1
43	253	1
44	57	1
44	82	1
44	105	1
44	115	1
44	116	1
44	130	1
44	137	1
44	147	1
44	150	1
44	162	1
44	171	1
44	204	1
44	233	1
45	46	1
45	55	1
45	56	1
45	65	1
45	66	1
45	76	1
45	79	1
45	81	1
45	100	1
45	118	1
45	120	1
45	130	1
45	150	1
45	152	1
45	164	1
45	184	1
45	207	1
45	238	1
45	241	1
45	256	1
46	65	1
46	99	1
46	101	1
46	132	1
46	146	1
46	154	1
46	156	1
47	65	1
47	67	1
47	102	1
47	133	1
47	136	1
47	141	1
47	156	1
47	157	1
47	163	1
47	165	1
47	195	1
47	199	1
47	207	1
48	73	1
48	197	1
49	52	1
49	53	1
49	55	1
49	57	1
49	59	1
49	62	1
49	65	1
49	66	1
49	70	1
49	72	1
49	73	1
49	81	1
49	83	1
49	89	1
49	98	1
49	102	1
49	109	1
49	114	1
49	117	1
49	122	1
49	130	1
49	132	1
49	133	1
49	138	1
49	139	1
49	140	1
49	142	1
49	146	1
49	150	1
49	152	1
49	163	1
49	170	1
49	175	1
49	182	1
49	206	1
49	212	1
49	225	1
49	229	1
49	231	1
49	244	1
50	53	1
50	57	1
50	65	1
50	67	1
50	77	1
50	99	1
50	117	1
50	119	1
50	137	1
50	150	1
50	158	1
50	163	1
50	165	1
50	169	1
50	170	1
50	194	1
50	195	1
50	199	1
50	209	1
51	53	1
51	57	1
51	65	1
51	74	1
51	98	1
51	105	1
51	131	1
51	132	1
51	146	1
51	163	1
51	166	1
51	189	1
51	207	1
51	208	1
51	212	1
51	215	1
52	59	1
52	65	1
52	66	1
52	68	1
52	75	1
52	79	1
52	94	1
52	109	1
52	114	1
52	132	1
52	139	1
52	175	1
53	63	1
53	65	1
53	66	1
53	78	1
53	82	1
53	87	1
53	97	1
53	99	1
53	125	1
53	131	1
53	134	1
53	139	1
53	141	1
53	146	1
53	152	1
53	157	1
53	172	1
53	180	1
53	229	1
53	248	1
54	55	1
54	84	1
54	137	1
54	142	1
54	163	1
54	164	1
54	215	1
54	227	1
55	57	1
55	58	1
55	65	1
55	71	1
55	134	1
56	65	1
56	70	1
56	126	1
56	151	1
56	175	1
56	196	1
57	65	1
57	69	1
57	75	1
57	78	1
57	81	1
57	84	1
57	106	1
57	118	1
57	131	1
57	132	1
57	134	1
57	138	1
57	161	1
57	162	1
57	170	1
57	182	1
57	186	1
57	207	1
58	79	1
58	84	1
58	85	1
58	87	1
58	103	1
58	134	1
58	135	1
58	154	1
58	168	1
58	215	1
58	251	1
59	67	1
59	73	1
59	132	1
59	133	1
59	134	1
59	148	1
59	149	1
59	167	1
59	173	1
59	200	1
59	227	1
60	109	1
60	112	1
60	130	1
60	132	1
60	199	1
60	242	1
61	62	1
61	74	1
61	84	1
61	100	1
61	131	1
61	139	1
61	158	1
61	185	1
61	227	1
61	241	1
62	133	1
62	144	1
62	195	1
63	120	1
63	131	1
63	143	1
65	66	1
65	67	1
65	69	1
65	70	1
65	71	1
65	72	1
65	73	1
65	74	1
65	77	1
65	78	1
65	99	1
65	102	1
65	103	1
65	104	1
65	114	1
65	130	1
65	131	1
65	134	1
65	138	1
65	141	1
65	142	1
65	146	1
65	154	1
65	156	1
65	158	1
65	166	1
65	175	1
65	179	1
65	195	1
65	196	1
65	197	1
65	198	1
65	204	1
65	211	1
65	214	1
65	228	1
66	69	1
66	71	1
66	73	1
66	74	1
66	77	1
66	81	1
66	83	1
66	95	1
66	97	1
66	98	1
66	114	1
66	115	1
66	116	1
66	122	1
66	130	1
66	132	1
66	133	1
66	134	1
66	140	1
66	146	1
66	149	1
66	158	1
66	159	1
66	164	1
66	166	1
66	167	1
66	170	1
66	171	1
66	172	1
66	177	1
66	188	1
66	191	1
66	196	1
66	200	1
66	214	1
66	223	1
66	227	1
66	234	1
66	246	1
66	256	1
67	69	1
67	71	1
67	73	1
67	78	1
67	81	1
67	83	1
67	85	1
67	107	1
67	114	1
67	120	1
67	122	1
67	130	1
67	131	1
67	132	1
67	133	1
67	138	1
67	141	1
67	149	1
67	150	1
67	172	1
67	186	1
67	190	1
67	211	1
67	212	1
67	213	1
67	215	1
67	227	1
67	231	1
67	253	1
67	257	1
68	77	1
68	83	1
68	84	1
68	97	1
68	99	1
68	100	1
68	105	1
68	114	1
68	130	1
68	132	1
68	134	1
68	135	1
68	138	1
68	139	1
68	148	1
68	150	1
68	162	1
68	176	1
68	195	1
68	199	1
69	74	1
69	90	1
69	98	1
69	99	1
69	103	1
69	106	1
69	146	1
69	148	1
69	149	1
69	152	1
69	156	1
69	164	1
69	165	1
69	168	1
69	170	1
69	195	1
69	199	1
69	207	1
69	217	1
69	219	1
69	225	1
70	74	1
70	91	1
70	109	1
70	114	1
70	130	1
70	131	1
70	132	1
70	134	1
70	135	1
70	140	1
70	154	1
70	169	1
70	171	1
70	187	1
70	195	1
70	197	1
70	198	1
71	74	1
71	83	1
71	86	1
71	101	1
71	114	1
71	130	1
71	132	1
71	133	1
71	146	1
71	162	1
71	164	1
71	165	1
71	195	1
72	73	1
72	76	1
72	131	1
72	136	1
72	140	1
72	146	1
72	148	1
72	163	1
72	167	1
73	74	1
73	83	1
73	98	1
73	99	1
73	105	1
73	106	1
73	114	1
73	116	1
73	122	1
73	131	1
73	142	1
73	145	1
73	146	1
73	148	1
73	155	1
73	167	1
73	197	1
73	202	1
73	227	1
74	77	1
74	87	1
74	90	1
74	94	1
74	95	1
74	97	1
74	117	1
74	122	1
74	131	1
74	139	1
74	146	1
74	156	1
74	166	1
74	167	1
74	171	1
74	195	1
74	204	1
74	213	1
74	257	1
75	79	1
75	84	1
75	97	1
75	132	1
75	134	1
75	138	1
75	158	1
75	170	1
75	204	1
75	227	1
75	233	1
76	91	1
76	98	1
76	111	1
76	130	1
76	134	1
76	138	1
76	147	1
76	189	1
76	211	1
76	219	1
76	231	1
76	232	1
77	80	1
77	88	1
77	90	1
77	105	1
77	138	1
77	166	1
77	195	1
77	209	1
77	242	1
78	83	1
78	98	1
78	99	1
78	130	1
78	131	1
78	133	1
78	217	1
78	221	1
78	240	1
79	100	1
79	114	1
79	130	1
79	146	1
79	155	1
79	162	1
79	168	1
79	184	1
79	194	1
80	102	1
80	131	1
80	147	1
80	170	1
81	82	1
81	84	1
81	91	1
81	98	1
81	99	1
81	102	1
81	118	1
81	134	1
81	141	1
81	146	1
81	148	1
81	152	1
81	171	1
81	183	1
81	187	1
81	195	1
81	198	1
81	199	1
81	234	1
82	94	1
82	101	1
82	102	1
82	103	1
82	130	1
82	132	1
82	138	1
82	145	1
82	152	1
82	153	1
82	159	1
82	171	1
82	175	1
82	180	1
82	182	1
82	199	1
82	215	1
82	227	1
82	230	1
83	85	1
83	92	1
83	97	1
83	100	1
83	117	1
83	124	1
83	130	1
83	132	1
83	133	1
83	134	1
83	138	1
83	139	1
83	141	1
83	150	1
83	162	1
83	163	1
83	165	1
83	173	1
83	179	1
83	205	1
83	219	1
83	220	1
83	231	1
84	87	1
84	91	1
84	107	1
84	117	1
84	130	1
84	136	1
84	139	1
84	158	1
85	95	1
85	98	1
85	102	1
85	116	1
85	131	1
85	232	1
85	241	1
86	92	1
86	138	1
86	139	1
86	173	1
86	174	1
86	203	1
86	227	1
86	247	1
87	90	1
87	101	1
87	155	1
87	179	1
87	231	1
88	126	1
88	172	1
89	132	1
89	136	1
89	143	1
89	148	1
89	149	1
89	162	1
89	166	1
89	207	1
89	235	1
90	102	1
90	130	1
90	136	1
90	138	1
90	195	1
90	199	1
90	205	1
90	235	1
91	100	1
91	141	1
91	187	1
91	220	1
92	141	1
92	203	1
92	223	1
93	98	1
93	122	1
93	130	1
93	134	1
93	138	1
93	150	1
93	162	1
93	166	1
93	197	1
94	102	1
94	134	1
94	141	1
94	169	1
94	233	1
95	112	1
95	170	1
95	212	1
97	98	1
97	100	1
97	106	1
97	130	1
97	134	1
97	138	1
97	139	1
97	146	1
97	159	1
97	186	1
97	195	1
97	211	1
97	219	1
98	100	1
98	108	1
98	115	1
98	131	1
98	138	1
98	141	1
98	146	1
98	147	1
98	166	1
98	173	1
98	199	1
98	221	1
98	229	1
98	235	1
99	101	1
99	106	1
99	130	1
99	132	1
99	134	1
99	138	1
99	140	1
99	163	1
99	167	1
99	197	1
99	199	1
99	202	1
99	205	1
99	216	1
100	103	1
100	131	1
100	148	1
100	181	1
100	198	1
100	211	1
100	213	1
100	228	1
101	131	1
101	138	1
101	146	1
101	158	1
101	167	1
101	190	1
101	203	1
101	204	1
102	130	1
102	132	1
102	141	1
102	146	1
102	159	1
102	162	1
102	170	1
102	179	1
102	182	1
103	106	1
103	124	1
103	142	1
103	183	1
103	197	1
103	215	1
103	244	1
104	118	1
104	130	1
104	179	1
104	219	1
105	116	1
105	132	1
105	137	1
105	138	1
105	149	1
105	186	1
105	195	1
105	198	1
106	186	1
106	195	1
106	203	1
106	252	1
107	130	1
107	136	1
108	111	1
108	134	1
108	139	1
108	140	1
108	242	1
109	115	1
109	159	1
109	172	1
109	209	1
109	211	1
109	235	1
110	122	1
110	163	1
110	201	1
111	146	1
111	186	1
111	188	1
111	195	1
111	227	1
112	147	1
112	199	1
112	250	1
113	130	1
113	144	1
113	163	1
113	196	1
114	118	1
114	132	1
114	142	1
114	143	1
114	148	1
114	203	1
114	245	1
115	120	1
115	132	1
115	138	1
115	139	1
115	141	1
116	121	1
116	130	1
116	146	1
116	154	1
116	211	1
117	130	1
117	211	1
118	126	1
118	137	1
118	176	1
118	205	1
118	237	1
118	239	1
119	138	1
119	172	1
119	174	1
119	227	1
119	248	1
120	170	1
120	180	1
120	195	1
121	131	1
121	167	1
122	130	1
122	131	1
122	134	1
122	142	1
122	143	1
122	144	1
122	213	1
123	145	1
124	130	1
124	195	1
125	195	1
125	239	1
126	138	1
130	132	1
130	134	1
130	137	1
130	138	1
130	140	1
130	142	1
130	143	1
130	146	1
130	152	1
130	154	1
130	159	1
130	162	1
130	163	1
130	166	1
130	167	1
130	172	1
130	176	1
130	179	1
130	183	1
130	196	1
130	197	1
130	199	1
130	205	1
130	209	1
130	215	1
130	229	1
130	231	1
130	234	1
130	235	1
130	247	1
131	132	1
131	136	1
131	138	1
131	146	1
131	148	1
131	150	1
131	153	1
131	165	1
131	172	1
131	179	1
131	187	1
131	189	1
131	217	1
132	133	1
132	144	1
132	150	1
132	155	1
132	162	1
132	163	1
132	167	1
132	170	1
132	178	1
132	181	1
132	199	1
132	200	1
132	207	1
132	217	1
132	221	1
132	237	1
133	180	1
133	188	1
133	196	1
133	204	1
133	205	1
133	242	1
134	142	1
134	161	1
134	165	1
134	172	1
134	173	1
134	175	1
134	182	1
134	203	1
134	205	1
134	216	1
134	217	1
135	171	1
135	195	1
135	196	1
135	200	1
135	221	1
136	141	1
136	142	1
136	164	1
136	180	1
136	196	1
136	213	1
136	239	1
136	240	1
137	146	1
137	150	1
137	156	1
137	158	1
137	160	1
137	163	1
138	139	1
138	150	1
138	164	1
138	166	1
138	168	1
138	172	1
138	182	1
138	203	1
138	204	1
138	227	1
138	232	1
138	235	1
138	243	1
138	253	1
139	152	1
139	167	1
139	168	1
139	179	1
139	195	1
139	223	1
140	148	1
140	164	1
140	179	1
140	187	1
140	199	1
140	210	1
140	211	1
140	228	1
140	230	1
141	142	1
141	174	1
142	146	1
142	149	1
142	162	1
142	168	1
142	171	1
142	180	1
142	199	1
142	211	1
142	223	1
142	227	1
142	231	1
143	150	1
144	164	1
144	182	1
144	197	1
145	148	1
146	147	1
146	154	1
146	155	1
146	159	1
146	162	1
146	163	1
146	164	1
146	167	1
146	171	1
146	176	1
146	182	1
146	195	1
146	196	1
146	200	1
146	208	1
146	211	1
146	219	1
146	245	1
147	152	1
147	163	1
147	174	1
147	188	1
147	196	1
147	224	1
148	164	1
148	172	1
148	178	1
148	193	1
148	198	1
148	205	1
148	206	1
148	236	1
149	158	1
149	179	1
149	195	1
149	209	1
150	163	1
150	166	1
150	178	1
150	197	1
150	212	1
150	213	1
150	228	1
151	174	1
151	202	1
152	158	1
152	164	1
152	167	1
152	180	1
152	196	1
152	229	1
153	252	1
154	157	1
154	179	1
154	198	1
154	227	1
154	228	1
155	157	1
155	160	1
155	170	1
155	171	1
155	215	1
156	203	1
156	244	1
157	235	1
158	188	1
160	180	1
162	176	1
162	198	1
162	211	1
162	213	1
162	230	1
163	168	1
163	169	1
163	205	1
163	227	1
164	166	1
164	172	1
164	201	1
164	220	1
164	229	1
165	200	1
165	213	1
166	179	1
166	184	1
166	211	1
167	217	1
167	223	1
168	211	1
169	201	1
169	221	1
170	198	1
170	200	1
171	178	1
171	221	1
172	175	1
172	201	1
172	235	1
174	180	1
174	227	1
175	188	1
175	235	1
175	243	1
176	200	1
176	257	1
177	226	1
178	195	1
179	182	1
179	196	1
179	207	1
179	217	1
179	240	1
180	182	1
180	224	1
181	215	1
182	188	1
182	199	1
182	235	1
183	244	1
184	185	1
184	203	1
184	231	1
187	207	1
187	221	1
187	229	1
187	238	1
188	206	1
188	220	1
189	244	1
191	243	1
193	195	1
195	196	1
195	200	1
195	211	1
195	221	1
195	227	1
195	230	1
195	244	1
196	197	1
196	209	1
196	211	1
196	219	1
197	200	1
197	215	1
198	214	1
198	218	1
199	211	1
199	229	1
200	234	1
200	252	1
201	215	1
201	253	1
202	225	1
203	245	1
204	217	1
204	223	1
207	208	1
207	212	1
207	219	1
211	244	1
212	236	1
213	240	1
214	231	1
215	252	1
220	244	1
221	233	1
227	241	1
228	230	1
231	244	1
233	246	1
247	256	1
