0
300	3000
1
1
21
21
21
25
25
14
14
14
9
14
14
26
4
17
34
1
1
14
9
9
9
11
11
11
11
11
11
11
11
11
11
11
11
11
11
11
11
11
11
5
34
14
14
17
17
10
10
36
37
5
7
4
22
22
21
21
21
21
7
7
36
21
25
4
8
15
15
15
37
37
9
1
1
10
10
3
3
3
29
15
36
36
37
1
36
34
20
20
8
15
9
4
5
4
20
16
16
16
16
16
38
7
7
34
38
36
8
27
8
8
8
10
10
13
13
6
26
10
1
36
0
13
16
16
22
6
5
4
0
28
28
4
2
13
13
21
21
17
17
14
36
8
40
35
15
23
0
0
7
10
37
27
35
35
0
0
19
19
36
14
37
24
17
13
36
4
4
13
13
10
4
38
32
32
4
1
0
0
0
7
7
4
15
16
40
15
15
15
15
0
21
21
21
21
5
4
4
4
4
4
4
4
5
5
4
4
22
19
19
22
34
14
0
1
17
37
1
1
1
1
1
1
1
1
1
1
1
10
23
0
4
19
19
19
19
19
19
19
19
19
19
19
19
10
14
14
1
14
7
13
20
31
40
6
4
0
8
9
9
10
0
10
14
14
14
14
39
17
4
28
17
17
17
4
4
0
0
23
4
21
36
36
0
22
21
15
37
0
4
4
4
14
4
7
7
1
15
15
0	1	1
0	2	1
0	3	1
0	4	1
0	5	1
0	6	1
0	7	1
0	8	1
0	9	1
0	10	1
0	11	1
0	12	1
0	13	1
0	14	1
0	15	1
0	17	1
0	18	1
0	19	1
0	20	1
0	24	1
0	25	1
0	26	1
0	28	1
0	29	1
0	31	1
0	33	1
0	35	1
0	38	1
0	40	1
0	41	1
0	42	1
0	44	1
0	45	1
0	48	1
0	52	1
0	54	1
0	56	1
0	59	1
0	63	1
0	66	1
0	69	1
0	70	1
0	73	1
0	75	1
0	76	1
0	77	1
0	78	1
0	80	1
0	82	1
0	84	1
0	85	1
0	86	1
0	87	1
0	88	1
0	89	1
0	90	1
0	94	1
0	96	1
0	97	1
0	105	1
0	107	1
0	108	1
0	110	1
0	112	1
0	115	1
0	116	1
0	117	1
0	118	1
0	132	1
0	136	1
0	138	1
0	146	1
0	150	1
0	151	1
0	153	1
0	156	1
0	157	1
0	159	1
0	160	1
0	166	1
0	168	1
0	169	1
0	170	1
0	173	1
0	175	1
0	177	1
0	179	1
0	180	1
0	183	1
0	187	1
0	188	1
0	190	1
0	192	1
0	197	1
0	202	1
0	205	1
0	207	1
0	212	1
0	215	1
0	225	1
0	226	1
0	227	1
0	229	1
0	236	1
0	237	1
0	240	1
0	244	1
0	247	1
0	253	1
0	257	1
0	262	1
0	264	1
0	270	1
0	278	1
1	2	1
1	3	1
1	4	1
1	5	1
1	7	1
1	8	1
1	10	1
1	11	1
1	14	1
1	15	1
1	16	1
1	17	1
1	19	1
1	20	1
1	21	1
1	24	1
1	25	1
1	27	1
1	28	1
1	31	1
1	35	1
1	38	1
1	40	1
1	41	1
1	42	1
1	45	1
1	47	1
1	48	1
1	49	1
1	52	1
1	54	1
1	56	1
1	57	1
1	58	1
1	59	1
1	61	1
1	64	1
1	65	1
1	66	1
1	70	1
1	75	1
1	76	1
1	78	1
1	79	1
1	80	1
1	81	1
1	82	1
1	83	1
1	84	1
1	86	1
1	87	1
1	89	1
1	90	1
1	94	1
1	98	1
1	101	1
1	103	1
1	118	1
1	119	1
1	120	1
1	129	1
1	130	1
1	131	1
1	138	1
1	140	1
1	142	1
1	146	1
1	150	1
1	151	1
1	152	1
1	153	1
1	154	1
1	156	1
1	157	1
1	159	1
1	160	1
1	162	1
1	167	1
1	168	1
1	169	1
1	170	1
1	171	1
1	172	1
1	178	1
1	188	1
1	190	1
1	192	1
1	193	1
1	194	1
1	197	1
1	198	1
1	201	1
1	204	1
1	206	1
1	208	1
1	220	1
1	225	1
1	226	1
1	227	1
1	229	1
1	230	1
1	234	1
1	244	1
1	246	1
1	257	1
1	264	1
1	269	1
1	271	1
1	278	1
1	281	1
1	283	1
2	3	1
2	4	1
2	14	1
2	17	1
2	21	1
2	23	1
2	26	1
2	33	1
2	36	1
2	38	1
2	39	1
2	42	1
2	54	1
2	62	1
2	65	1
2	68	1
2	71	1
2	76	1
2	80	1
2	94	1
2	95	1
2	100	1
2	112	1
2	117	1
2	122	1
2	126	1
2	136	1
2	156	1
2	163	1
2	168	1
2	170	1
2	173	1
2	188	1
2	192	1
2	194	1
2	199	1
2	214	1
2	216	1
2	219	1
2	225	1
2	234	1
2	261	1
2	281	1
2	285	1
3	5	1
3	6	1
3	7	1
3	10	1
3	11	1
3	12	1
3	15	1
3	17	1
3	21	1
3	22	1
3	27	1
3	32	1
3	33	1
3	38	1
3	39	1
3	41	1
3	42	1
3	44	1
3	45	1
3	47	1
3	52	1
3	53	1
3	54	1
3	55	1
3	56	1
3	60	1
3	61	1
3	62	1
3	64	1
3	66	1
3	70	1
3	71	1
3	75	1
3	77	1
3	82	1
3	84	1
3	85	1
3	87	1
3	89	1
3	94	1
3	95	1
3	97	1
3	98	1
3	100	1
3	112	1
3	115	1
3	117	1
3	122	1
3	138	1
3	139	1
3	150	1
3	152	1
3	156	1
3	157	1
3	159	1
3	160	1
3	162	1
3	166	1
3	170	1
3	171	1
3	173	1
3	174	1
3	188	1
3	189	1
3	192	1
3	194	1
3	198	1
3	204	1
3	206	1
3	220	1
3	224	1
3	226	1
3	227	1
3	232	1
3	233	1
3	234	1
3	235	1
3	238	1
3	244	1
3	245	1
3	263	1
3	264	1
3	274	1
3	289	1
4	7	1
4	12	1
4	15	1
4	21	1
4	22	1
4	23	1
4	32	1
4	39	1
4	41	1
4	42	1
4	43	1
4	48	1
4	49	1
4	56	1
4	57	1
4	58	1
4	59	1
4	61	1
4	69	1
4	70	1
4	76	1
4	80	1
4	81	1
4	82	1
4	89	1
4	90	1
4	98	1
4	112	1
4	131	1
4	133	1
4	135	1
4	150	1
4	152	1
4	153	1
4	156	1
4	160	1
4	168	1
4	170	1
4	171	1
4	174	1
4	182	1
4	192	1
4	208	1
4	225	1
4	226	1
4	235	1
4	244	1
4	253	1
4	265	1
4	285	1
5	6	1
5	7	1
5	10	1
5	13	1
5	16	1
5	17	1
5	20	1
5	21	1
5	24	1
5	25	1
5	28	1
5	29	1
5	31	1
5	40	1
5	42	1
5	48	1
5	50	1
5	53	1
5	55	1
5	58	1
5	59	1
5	60	1
5	63	1
5	66	1
5	68	1
5	76	1
5	84	1
5	85	1
5	95	1
5	98	1
5	103	1
5	109	1
5	112	1
5	115	1
5	117	1
5	127	1
5	129	1
5	131	1
5	132	1
5	137	1
5	150	1
5	151	1
5	152	1
5	153	1
5	154	1
5	156	1
5	160	1
5	161	1
5	171	1
5	175	1
5	180	1
5	184	1
5	194	1
5	197	1
5	206	1
5	211	1
5	215	1
5	226	1
5	230	1
5	243	1
5	254	1
5	284	1
5	292	1
6	7	1
6	10	1
6	11	1
6	12	1
6	15	1
6	17	1
6	18	1
6	19	1
6	20	1
6	22	1
6	24	1
6	25	1
6	26	1
6	38	1
6	44	1
6	48	1
6	58	1
6	59	1
6	60	1
6	65	1
6	66	1
6	67	1
6	75	1
6	76	1
6	77	1
6	80	1
6	81	1
6	82	1
6	84	1
6	86	1
6	87	1
6	89	1
6	90	1
6	94	1
6	97	1
6	98	1
6	102	1
6	104	1
6	105	1
6	109	1
6	115	1
6	119	1
6	136	1
6	140	1
6	150	1
6	151	1
6	152	1
6	153	1
6	154	1
6	156	1
6	159	1
6	160	1
6	161	1
6	163	1
6	170	1
6	173	1
6	178	1
6	187	1
6	197	1
6	207	1
6	219	1
6	226	1
6	231	1
6	234	1
6	236	1
6	244	1
6	264	1
6	269	1
6	271	1
6	274	1
6	291	1
7	9	1
7	12	1
7	14	1
7	15	1
7	19	1
7	21	1
7	24	1
7	35	1
7	38	1
7	48	1
7	49	1
7	50	1
7	53	1
7	59	1
7	61	1
7	66	1
7	69	1
7	71	1
7	73	1
7	75	1
7	76	1
7	77	1
7	84	1
7	87	1
7	89	1
7	93	1
7	95	1
7	98	1
7	100	1
7	103	1
7	108	1
7	112	1
7	113	1
7	117	1
7	118	1
7	129	1
7	140	1
7	155	1
7	160	1
7	161	1
7	167	1
7	171	1
7	179	1
7	180	1
7	187	1
7	188	1
7	190	1
7	192	1
7	208	1
7	225	1
7	228	1
7	232	1
7	246	1
7	253	1
7	275	1
7	283	1
8	10	1
8	14	1
8	21	1
8	22	1
8	33	1
8	38	1
8	43	1
8	45	1
8	50	1
8	60	1
8	75	1
8	83	1
8	95	1
8	98	1
8	104	1
8	137	1
8	150	1
8	151	1
8	152	1
8	159	1
8	160	1
8	163	1
8	170	1
8	171	1
8	181	1
8	190	1
8	211	1
8	219	1
8	225	1
8	226	1
8	240	1
8	241	1
8	248	1
8	263	1
9	10	1
9	18	1
9	19	1
9	43	1
9	98	1
9	101	1
9	112	1
9	115	1
9	166	1
9	168	1
9	225	1
9	227	1
9	259	1
10	11	1
10	12	1
10	13	1
10	18	1
10	19	1
10	20	1
10	22	1
10	24	1
10	26	1
10	31	1
10	36	1
10	38	1
10	39	1
10	40	1
10	41	1
10	42	1
10	44	1
10	45	1
10	46	1
10	48	1
10	49	1
10	52	1
10	53	1
10	56	1
10	57	1
10	58	1
10	61	1
10	69	1
10	75	1
10	76	1
10	77	1
10	78	1
10	79	1
10	80	1
10	81	1
10	86	1
10	87	1
10	90	1
10	94	1
10	95	1
10	98	1
10	103	1
10	108	1
10	112	1
10	113	1
10	119	1
10	121	1
10	122	1
10	133	1
10	150	1
10	151	1
10	152	1
10	154	1
10	156	1
10	159	1
10	160	1
10	161	1
10	163	1
10	164	1
10	166	1
10	168	1
10	171	1
10	172	1
10	173	1
10	174	1
10	176	1
10	180	1
10	187	1
10	188	1
10	192	1
10	194	1
10	195	1
10	197	1
10	198	1
10	199	1
10	201	1
10	202	1
10	206	1
10	207	1
10	215	1
10	219	1
10	220	1
10	225	1
10	226	1
10	227	1
10	229	1
10	230	1
10	234	1
10	236	1
10	241	1
10	243	1
10	263	1
11	12	1
11	17	1
11	19	1
11	20	1
11	24	1
11	28	1
11	31	1
11	39	1
11	42	1
11	48	1
11	56	1
11	59	1
11	62	1
11	75	1
11	77	1
11	82	1
11	86	1
11	94	1
11	95	1
11	98	1
11	108	1
11	114	1
11	118	1
11	122	1
11	129	1
11	131	1
11	151	1
11	152	1
11	153	1
11	159	1
11	160	1
11	161	1
11	175	1
11	187	1
11	192	1
11	198	1
11	201	1
11	221	1
11	225	1
11	235	1
11	241	1
11	248	1
11	265	1
11	286	1
12	14	1
12	19	1
12	21	1
12	38	1
12	42	1
12	44	1
12	46	1
12	58	1
12	59	1
12	61	1
12	65	1
12	76	1
12	94	1
12	105	1
12	113	1
12	115	1
12	153	1
12	158	1
12	167	1
12	168	1
12	174	1
12	183	1
12	187	1
12	188	1
12	192	1
12	199	1
12	226	1
12	227	1
12	229	1
12	239	1
12	244	1
12	268	1
13	14	1
13	17	1
13	24	1
13	29	1
13	31	1
13	33	1
13	39	1
13	42	1
13	63	1
13	67	1
13	75	1
13	76	1
13	80	1
13	86	1
13	87	1
13	88	1
13	89	1
13	98	1
13	112	1
13	114	1
13	116	1
13	138	1
13	150	1
13	152	1
13	154	1
13	162	1
13	178	1
13	187	1
13	197	1
13	198	1
13	226	1
13	236	1
13	248	1
13	252	1
13	267	1
13	273	1
14	15	1
14	17	1
14	18	1
14	19	1
14	20	1
14	21	1
14	22	1
14	27	1
14	29	1
14	33	1
14	47	1
14	52	1
14	59	1
14	60	1
14	66	1
14	79	1
14	80	1
14	81	1
14	83	1
14	87	1
14	101	1
14	112	1
14	118	1
14	123	1
14	136	1
14	150	1
14	151	1
14	159	1
14	164	1
14	169	1
14	170	1
14	178	1
14	179	1
14	181	1
14	197	1
14	205	1
14	217	1
14	225	1
14	262	1
14	271	1
15	16	1
15	17	1
15	20	1
15	24	1
15	38	1
15	39	1
15	40	1
15	41	1
15	45	1
15	46	1
15	58	1
15	67	1
15	76	1
15	80	1
15	81	1
15	89	1
15	91	1
15	94	1
15	97	1
15	117	1
15	126	1
15	150	1
15	152	1
15	154	1
15	160	1
15	162	1
15	170	1
15	171	1
15	175	1
15	210	1
15	226	1
15	234	1
15	246	1
15	253	1
15	257	1
15	264	1
15	274	1
16	43	1
16	59	1
16	79	1
16	94	1
16	107	1
16	132	1
16	153	1
16	165	1
16	172	1
16	276	1
17	18	1
17	22	1
17	31	1
17	34	1
17	39	1
17	47	1
17	75	1
17	86	1
17	105	1
17	136	1
17	150	1
17	152	1
17	169	1
17	178	1
17	185	1
17	193	1
17	225	1
17	228	1
17	229	1
17	244	1
18	22	1
18	26	1
18	33	1
18	45	1
18	70	1
18	87	1
18	128	1
18	132	1
18	156	1
18	162	1
18	173	1
18	187	1
18	188	1
19	24	1
19	25	1
19	26	1
19	27	1
19	28	1
19	38	1
19	44	1
19	48	1
19	49	1
19	50	1
19	52	1
19	56	1
19	59	1
19	60	1
19	65	1
19	76	1
19	77	1
19	81	1
19	82	1
19	86	1
19	91	1
19	105	1
19	108	1
19	112	1
19	114	1
19	122	1
19	123	1
19	150	1
19	151	1
19	153	1
19	154	1
19	159	1
19	161	1
19	166	1
19	168	1
19	170	1
19	171	1
19	187	1
19	188	1
19	191	1
19	197	1
19	199	1
19	201	1
19	226	1
19	229	1
19	274	1
19	282	1
19	291	1
20	21	1
20	29	1
20	33	1
20	35	1
20	38	1
20	39	1
20	42	1
20	46	1
20	47	1
20	49	1
20	59	1
20	67	1
20	73	1
20	77	1
20	78	1
20	79	1
20	80	1
20	89	1
20	97	1
20	104	1
20	108	1
20	112	1
20	116	1
20	132	1
20	146	1
20	150	1
20	152	1
20	153	1
20	159	1
20	161	1
20	163	1
20	164	1
20	168	1
20	174	1
20	187	1
20	188	1
20	191	1
20	199	1
20	207	1
20	218	1
20	225	1
20	226	1
20	227	1
20	232	1
20	234	1
20	239	1
20	243	1
20	255	1
20	263	1
20	265	1
20	273	1
20	281	1
20	296	1
21	24	1
21	26	1
21	31	1
21	38	1
21	39	1
21	40	1
21	41	1
21	42	1
21	44	1
21	45	1
21	47	1
21	49	1
21	55	1
21	57	1
21	60	1
21	61	1
21	62	1
21	72	1
21	76	1
21	77	1
21	79	1
21	80	1
21	86	1
21	87	1
21	88	1
21	94	1
21	96	1
21	97	1
21	102	1
21	110	1
21	112	1
21	114	1
21	121	1
21	132	1
21	138	1
21	150	1
21	151	1
21	152	1
21	154	1
21	161	1
21	164	1
21	169	1
21	173	1
21	182	1
21	188	1
21	190	1
21	192	1
21	194	1
21	197	1
21	199	1
21	201	1
21	225	1
21	239	1
21	240	1
21	241	1
21	250	1
21	262	1
22	25	1
22	31	1
22	34	1
22	49	1
22	54	1
22	66	1
22	76	1
22	77	1
22	81	1
22	83	1
22	92	1
22	94	1
22	97	1
22	126	1
22	132	1
22	153	1
22	157	1
22	160	1
22	165	1
22	174	1
22	188	1
22	194	1
22	211	1
22	222	1
22	230	1
22	243	1
22	244	1
22	254	1
22	264	1
22	272	1
23	25	1
23	75	1
23	76	1
23	104	1
23	117	1
23	148	1
23	150	1
23	154	1
23	165	1
23	182	1
23	255	1
23	263	1
24	27	1
24	38	1
24	39	1
24	42	1
24	44	1
24	47	1
24	48	1
24	52	1
24	72	1
24	75	1
24	79	1
24	80	1
24	82	1
24	84	1
24	87	1
24	90	1
24	94	1
24	99	1
24	111	1
24	112	1
24	139	1
24	153	1
24	154	1
24	158	1
24	165	1
24	171	1
24	174	1
24	175	1
24	178	1
24	190	1
24	194	1
24	198	1
24	216	1
24	234	1
24	236	1
24	237	1
24	264	1
24	285	1
25	28	1
25	38	1
25	50	1
25	74	1
25	75	1
25	76	1
25	80	1
25	83	1
25	84	1
25	85	1
25	87	1
25	89	1
25	90	1
25	109	1
25	112	1
25	122	1
25	127	1
25	152	1
25	153	1
25	155	1
25	163	1
25	164	1
25	178	1
25	187	1
25	188	1
25	205	1
25	215	1
25	226	1
25	234	1
25	263	1
26	38	1
26	45	1
26	56	1
26	74	1
26	76	1
26	84	1
26	94	1
26	122	1
26	159	1
26	171	1
26	192	1
26	249	1
27	40	1
27	66	1
27	76	1
27	91	1
27	94	1
27	105	1
27	121	1
27	122	1
27	177	1
27	188	1
27	192	1
27	194	1
27	212	1
27	215	1
27	234	1
28	33	1
28	38	1
28	48	1
28	75	1
28	80	1
28	83	1
28	87	1
28	89	1
28	91	1
28	94	1
28	103	1
28	109	1
28	112	1
28	114	1
28	129	1
28	150	1
28	152	1
28	154	1
28	169	1
28	177	1
28	188	1
28	190	1
28	192	1
28	195	1
28	196	1
28	197	1
28	204	1
28	218	1
28	225	1
28	226	1
28	271	1
28	276	1
29	38	1
29	42	1
29	44	1
29	45	1
29	50	1
29	68	1
29	81	1
29	86	1
29	87	1
29	94	1
29	101	1
29	108	1
29	119	1
29	122	1
29	136	1
29	140	1
29	155	1
29	157	1
29	171	1
29	184	1
29	187	1
29	188	1
29	192	1
29	206	1
29	225	1
29	234	1
29	268	1
29	293	1
30	95	1
30	150	1
31	38	1
31	45	1
31	56	1
31	75	1
31	76	1
31	77	1
31	84	1
31	86	1
31	87	1
31	90	1
31	93	1
31	101	1
31	117	1
31	122	1
31	150	1
31	152	1
31	161	1
31	192	1
31	198	1
31	218	1
31	221	1
31	269	1
32	75	1
32	95	1
32	154	1
32	163	1
32	175	1
32	192	1
32	193	1
32	260	1
32	284	1
33	38	1
33	56	1
33	80	1
33	85	1
33	114	1
33	120	1
33	150	1
33	151	1
33	153	1
33	171	1
33	213	1
34	35	1
34	76	1
34	78	1
34	88	1
34	100	1
34	104	1
34	123	1
34	143	1
34	150	1
34	151	1
34	188	1
34	207	1
34	228	1
34	244	1
35	68	1
35	81	1
35	112	1
35	133	1
35	169	1
35	189	1
35	190	1
35	219	1
35	250	1
35	272	1
36	38	1
36	66	1
36	146	1
36	178	1
36	190	1
36	226	1
37	178	1
38	40	1
38	41	1
38	42	1
38	44	1
38	49	1
38	50	1
38	52	1
38	53	1
38	55	1
38	56	1
38	57	1
38	59	1
38	66	1
38	70	1
38	71	1
38	76	1
38	77	1
38	78	1
38	79	1
38	80	1
38	82	1
38	86	1
38	87	1
38	89	1
38	90	1
38	93	1
38	95	1
38	98	1
38	102	1
38	103	1
38	108	1
38	114	1
38	115	1
38	117	1
38	119	1
38	120	1
38	123	1
38	124	1
38	132	1
38	139	1
38	144	1
38	150	1
38	151	1
38	152	1
38	153	1
38	154	1
38	159	1
38	162	1
38	164	1
38	167	1
38	168	1
38	170	1
38	172	1
38	174	1
38	178	1
38	182	1
38	184	1
38	191	1
38	193	1
38	194	1
38	197	1
38	202	1
38	206	1
38	207	1
38	208	1
38	209	1
38	211	1
38	225	1
38	228	1
38	229	1
38	230	1
38	234	1
38	239	1
38	249	1
38	253	1
38	256	1
38	261	1
38	292	1
39	41	1
39	42	1
39	44	1
39	49	1
39	51	1
39	55	1
39	56	1
39	59	1
39	65	1
39	67	1
39	75	1
39	78	1
39	80	1
39	82	1
39	83	1
39	84	1
39	87	1
39	91	1
39	94	1
39	98	1
39	99	1
39	115	1
39	120	1
39	145	1
39	150	1
39	153	1
39	156	1
39	160	1
39	163	1
39	164	1
39	174	1
39	175	1
39	180	1
39	182	1
39	197	1
39	201	1
39	216	1
39	227	1
39	230	1
39	236	1
39	243	1
39	244	1
39	245	1
39	264	1
39	268	1
40	43	1
40	51	1
40	53	1
40	56	1
40	59	1
40	66	1
40	69	1
40	70	1
40	75	1
40	77	1
40	94	1
40	109	1
40	122	1
40	151	1
40	157	1
40	160	1
40	168	1
40	187	1
40	190	1
40	197	1
40	234	1
40	248	1
40	254	1
40	265	1
40	270	1
41	53	1
41	62	1
41	67	1
41	75	1
41	83	1
41	96	1
41	100	1
41	109	1
41	124	1
41	126	1
41	129	1
41	140	1
41	145	1
41	150	1
41	152	1
41	170	1
41	179	1
41	208	1
41	213	1
41	240	1
41	266	1
41	267	1
41	276	1
42	44	1
42	56	1
42	64	1
42	66	1
42	75	1
42	84	1
42	87	1
42	113	1
42	115	1
42	119	1
42	121	1
42	128	1
42	136	1
42	152	1
42	153	1
42	156	1
42	188	1
42	192	1
42	197	1
42	199	1
42	227	1
42	228	1
42	234	1
42	240	1
42	245	1
42	250	1
42	264	1
42	267	1
42	279	1
42	282	1
43	44	1
43	47	1
43	53	1
43	77	1
43	83	1
43	84	1
43	94	1
43	97	1
43	126	1
43	138	1
43	150	1
43	155	1
43	156	1
43	159	1
43	182	1
43	184	1
43	199	1
43	206	1
43	227	1
43	258	1
43	264	1
43	283	1
44	47	1
44	48	1
44	52	1
44	55	1
44	58	1
44	78	1
44	80	1
44	86	1
44	87	1
44	91	1
44	94	1
44	101	1
44	123	1
44	168	1
44	169	1
44	181	1
44	195	1
44	258	1
44	279	1
45	49	1
45	51	1
45	60	1
45	61	1
45	75	1
45	76	1
45	84	1
45	85	1
45	90	1
45	98	1
45	100	1
45	108	1
45	122	1
45	131	1
45	150	1
45	152	1
45	153	1
45	163	1
45	168	1
45	190	1
45	199	1
45	222	1
45	225	1
45	233	1
45	235	1
45	263	1
45	268	1
46	75	1
46	78	1
46	79	1
46	141	1
46	156	1
46	163	1
46	178	1
46	197	1
46	225	1
47	55	1
47	75	1
47	87	1
47	97	1
47	103	1
47	108	1
47	114	1
47	132	1
47	138	1
47	143	1
47	150	1
47	156	1
47	157	1
47	159	1
47	170	1
47	201	1
47	225	1
47	226	1
47	229	1
47	233	1
47	243	1
47	260	1
48	61	1
48	75	1
48	76	1
48	80	1
48	82	1
48	86	1
48	87	1
48	103	1
48	115	1
48	120	1
48	134	1
48	151	1
48	155	1
48	164	1
48	171	1
48	174	1
48	175	1
48	180	1
48	190	1
48	202	1
48	237	1
48	244	1
48	253	1
48	255	1
48	262	1
48	264	1
49	66	1
49	76	1
49	98	1
49	100	1
49	155	1
49	156	1
49	157	1
49	172	1
49	175	1
49	190	1
49	201	1
49	225	1
49	251	1
49	290	1
49	297	1
50	66	1
50	84	1
50	94	1
50	138	1
50	151	1
50	153	1
50	161	1
50	264	1
51	66	1
51	75	1
51	94	1
51	117	1
51	187	1
51	195	1
51	267	1
51	292	1
52	55	1
52	56	1
52	69	1
52	76	1
52	80	1
52	82	1
52	84	1
52	117	1
52	119	1
52	145	1
52	150	1
52	155	1
52	159	1
52	166	1
52	170	1
52	171	1
52	187	1
52	194	1
52	206	1
52	212	1
52	271	1
53	60	1
53	62	1
53	65	1
53	76	1
53	77	1
53	95	1
53	118	1
53	171	1
53	180	1
53	194	1
53	227	1
53	264	1
54	83	1
54	169	1
54	258	1
54	295	1
55	56	1
55	58	1
55	66	1
55	77	1
55	97	1
55	146	1
55	154	1
55	168	1
55	188	1
55	192	1
55	205	1
55	236	1
56	66	1
56	68	1
56	71	1
56	76	1
56	80	1
56	83	1
56	87	1
56	94	1
56	104	1
56	106	1
56	107	1
56	122	1
56	126	1
56	133	1
56	151	1
56	161	1
56	168	1
56	172	1
56	181	1
56	182	1
56	187	1
56	194	1
56	197	1
56	204	1
56	225	1
56	226	1
56	227	1
56	229	1
56	233	1
56	239	1
57	65	1
57	72	1
57	89	1
57	117	1
57	122	1
57	140	1
57	154	1
57	169	1
57	178	1
57	184	1
57	188	1
57	192	1
57	211	1
57	227	1
57	229	1
57	265	1
58	71	1
58	77	1
58	80	1
58	81	1
58	84	1
58	86	1
58	94	1
58	124	1
58	127	1
58	131	1
58	133	1
58	143	1
58	145	1
58	152	1
58	153	1
58	156	1
58	159	1
58	170	1
58	197	1
58	202	1
58	226	1
58	244	1
58	251	1
59	62	1
59	66	1
59	73	1
59	75	1
59	76	1
59	84	1
59	86	1
59	101	1
59	109	1
59	112	1
59	125	1
59	150	1
59	151	1
59	165	1
59	193	1
59	197	1
59	211	1
59	214	1
59	227	1
59	240	1
59	243	1
59	263	1
60	74	1
60	76	1
60	87	1
60	93	1
60	94	1
60	98	1
60	112	1
60	170	1
60	173	1
60	188	1
60	211	1
60	288	1
61	75	1
61	76	1
61	84	1
61	98	1
61	102	1
61	123	1
61	124	1
61	137	1
61	164	1
61	175	1
61	182	1
61	226	1
62	75	1
62	80	1
62	84	1
62	150	1
62	161	1
62	170	1
62	171	1
62	175	1
62	234	1
62	277	1
63	66	1
63	70	1
63	72	1
63	75	1
63	76	1
63	90	1
63	94	1
63	101	1
63	113	1
63	117	1
63	159	1
63	160	1
63	201	1
63	205	1
63	263	1
64	66	1
64	95	1
64	104	1
64	157	1
65	78	1
65	218	1
65	229	1
65	271	1
65	283	1
65	294	1
66	80	1
66	82	1
66	91	1
66	93	1
66	107	1
66	114	1
66	126	1
66	131	1
66	168	1
66	170	1
66	185	1
66	226	1
66	227	1
67	76	1
67	94	1
67	110	1
67	115	1
67	159	1
67	164	1
67	197	1
68	94	1
68	99	1
68	152	1
68	191	1
68	199	1
68	275	1
69	145	1
69	159	1
69	174	1
69	175	1
69	225	1
69	278	1
70	79	1
70	121	1
70	163	1
70	164	1
70	178	1
70	213	1
70	282	1
71	83	1
71	100	1
71	102	1
71	153	1
71	191	1
72	209	1
72	236	1
73	77	1
73	115	1
73	180	1
73	234	1
74	198	1
75	76	1
75	78	1
75	79	1
75	80	1
75	82	1
75	83	1
75	84	1
75	85	1
75	94	1
75	98	1
75	103	1
75	112	1
75	117	1
75	118	1
75	127	1
75	128	1
75	150	1
75	151	1
75	152	1
75	153	1
75	154	1
75	159	1
75	161	1
75	164	1
75	168	1
75	177	1
75	188	1
75	192	1
75	195	1
75	200	1
75	225	1
75	226	1
75	237	1
75	243	1
75	253	1
75	255	1
75	262	1
75	263	1
75	264	1
75	266	1
75	286	1
75	288	1
76	83	1
76	84	1
76	89	1
76	90	1
76	94	1
76	96	1
76	97	1
76	104	1
76	105	1
76	107	1
76	112	1
76	115	1
76	118	1
76	132	1
76	136	1
76	150	1
76	151	1
76	152	1
76	153	1
76	154	1
76	159	1
76	164	1
76	168	1
76	170	1
76	174	1
76	182	1
76	183	1
76	188	1
76	190	1
76	199	1
76	200	1
76	204	1
76	207	1
76	213	1
76	225	1
76	227	1
76	230	1
76	232	1
76	251	1
76	286	1
77	79	1
77	84	1
77	85	1
77	88	1
77	90	1
77	91	1
77	96	1
77	103	1
77	107	1
77	108	1
77	109	1
77	112	1
77	118	1
77	119	1
77	123	1
77	127	1
77	138	1
77	143	1
77	145	1
77	151	1
77	152	1
77	153	1
77	156	1
77	165	1
77	169	1
77	170	1
77	180	1
77	185	1
77	190	1
77	191	1
77	194	1
77	208	1
77	226	1
77	235	1
77	241	1
77	248	1
77	255	1
77	262	1
77	284	1
78	80	1
78	85	1
78	87	1
78	94	1
78	95	1
78	97	1
78	150	1
78	153	1
78	205	1
78	209	1
78	234	1
78	236	1
78	254	1
78	255	1
78	265	1
78	292	1
79	80	1
79	115	1
79	123	1
79	152	1
79	160	1
79	166	1
79	178	1
79	190	1
79	191	1
79	192	1
79	198	1
79	211	1
79	214	1
79	240	1
80	81	1
80	82	1
80	87	1
80	94	1
80	99	1
80	115	1
80	117	1
80	118	1
80	150	1
80	152	1
80	156	1
80	157	1
80	182	1
80	183	1
80	194	1
80	198	1
80	201	1
80	206	1
80	253	1
80	262	1
80	263	1
80	296	1
81	83	1
81	84	1
81	85	1
81	119	1
81	156	1
81	159	1
81	160	1
81	164	1
81	170	1
81	173	1
81	174	1
81	193	1
81	216	1
81	263	1
81	267	1
81	268	1
81	288	1
81	292	1
82	84	1
82	115	1
82	117	1
82	145	1
82	150	1
82	234	1
83	98	1
83	114	1
83	146	1
83	150	1
83	158	1
83	171	1
83	173	1
83	187	1
83	193	1
83	195	1
84	87	1
84	96	1
84	114	1
84	117	1
84	124	1
84	133	1
84	135	1
84	150	1
84	151	1
84	152	1
84	154	1
84	157	1
84	159	1
84	162	1
84	166	1
84	168	1
84	170	1
84	172	1
84	178	1
84	185	1
84	187	1
84	195	1
84	198	1
84	225	1
84	226	1
84	227	1
84	253	1
85	98	1
85	104	1
85	116	1
85	159	1
85	165	1
85	192	1
85	226	1
85	227	1
85	245	1
85	283	1
86	94	1
86	95	1
86	98	1
86	127	1
86	133	1
86	142	1
86	150	1
86	151	1
86	153	1
86	154	1
86	157	1
86	169	1
86	187	1
86	191	1
86	215	1
86	225	1
86	226	1
86	234	1
86	242	1
86	263	1
86	271	1
86	281	1
87	97	1
87	99	1
87	103	1
87	105	1
87	112	1
87	113	1
87	134	1
87	160	1
87	161	1
87	165	1
87	177	1
87	192	1
87	225	1
87	262	1
88	150	1
88	170	1
88	187	1
88	188	1
88	197	1
88	253	1
88	292	1
89	110	1
89	119	1
89	164	1
89	170	1
89	178	1
89	190	1
89	228	1
89	232	1
90	135	1
90	142	1
90	153	1
90	154	1
90	168	1
90	188	1
90	235	1
90	259	1
91	150	1
91	153	1
91	160	1
91	197	1
91	234	1
92	112	1
92	136	1
92	229	1
93	152	1
93	229	1
93	248	1
94	96	1
94	99	1
94	100	1
94	102	1
94	106	1
94	114	1
94	121	1
94	122	1
94	123	1
94	125	1
94	136	1
94	151	1
94	154	1
94	159	1
94	174	1
94	187	1
94	197	1
94	205	1
94	211	1
94	213	1
94	225	1
94	227	1
94	230	1
94	243	1
94	244	1
94	248	1
94	258	1
94	262	1
94	264	1
94	265	1
94	266	1
94	281	1
94	285	1
94	288	1
95	112	1
95	123	1
95	153	1
95	154	1
95	159	1
95	164	1
95	182	1
95	190	1
95	191	1
95	206	1
95	237	1
95	262	1
95	263	1
96	98	1
96	123	1
96	152	1
96	168	1
96	180	1
96	187	1
96	190	1
96	229	1
96	239	1
96	244	1
97	114	1
97	150	1
97	157	1
97	192	1
97	197	1
97	213	1
97	241	1
97	281	1
97	286	1
98	103	1
98	119	1
98	124	1
98	127	1
98	159	1
98	168	1
98	225	1
98	226	1
98	236	1
99	118	1
99	144	1
99	165	1
99	232	1
99	278	1
100	113	1
100	123	1
100	153	1
100	156	1
100	170	1
100	192	1
100	274	1
101	105	1
101	112	1
101	169	1
101	181	1
101	288	1
101	292	1
102	226	1
102	283	1
103	114	1
103	115	1
103	150	1
103	153	1
103	171	1
103	188	1
103	193	1
103	226	1
103	253	1
104	115	1
104	128	1
104	197	1
104	211	1
104	225	1
104	234	1
104	239	1
104	268	1
105	114	1
105	153	1
105	161	1
105	168	1
105	173	1
105	201	1
105	208	1
105	220	1
105	227	1
105	229	1
105	265	1
107	153	1
107	160	1
107	162	1
107	194	1
108	117	1
108	142	1
108	150	1
108	151	1
108	153	1
108	175	1
108	193	1
108	194	1
108	243	1
109	138	1
109	151	1
109	193	1
109	194	1
109	197	1
109	295	1
110	165	1
112	124	1
112	131	1
112	150	1
112	156	1
112	165	1
112	169	1
112	176	1
112	181	1
112	189	1
112	192	1
112	235	1
112	252	1
112	281	1
113	118	1
113	119	1
113	136	1
113	152	1
113	161	1
113	167	1
113	195	1
113	267	1
114	122	1
114	140	1
114	142	1
114	164	1
114	173	1
114	178	1
114	217	1
114	226	1
115	117	1
115	130	1
115	142	1
115	157	1
115	158	1
115	162	1
115	170	1
115	171	1
115	172	1
115	180	1
115	181	1
115	185	1
115	192	1
115	193	1
115	205	1
115	206	1
115	211	1
115	229	1
115	254	1
116	125	1
116	188	1
116	227	1
116	295	1
117	132	1
117	136	1
117	150	1
117	154	1
117	159	1
117	160	1
117	187	1
117	191	1
117	198	1
117	221	1
118	151	1
118	153	1
118	161	1
118	172	1
118	175	1
118	184	1
118	187	1
118	206	1
118	251	1
119	152	1
119	159	1
119	171	1
119	188	1
119	192	1
119	216	1
119	226	1
119	237	1
119	244	1
120	161	1
121	243	1
122	141	1
122	150	1
122	154	1
122	156	1
122	163	1
122	173	1
122	182	1
122	183	1
122	191	1
122	197	1
122	201	1
122	208	1
122	211	1
122	225	1
122	229	1
122	232	1
122	292	1
123	175	1
123	206	1
123	211	1
123	235	1
124	150	1
124	189	1
124	194	1
124	201	1
124	206	1
125	142	1
125	215	1
125	226	1
126	133	1
126	146	1
126	151	1
126	157	1
126	165	1
126	179	1
126	225	1
128	132	1
128	136	1
128	225	1
128	253	1
129	151	1
129	172	1
129	175	1
129	179	1
129	193	1
129	262	1
129	281	1
131	150	1
131	161	1
131	175	1
131	192	1
131	197	1
131	263	1
131	278	1
132	134	1
132	226	1
132	237	1
133	157	1
133	165	1
133	225	1
133	236	1
134	192	1
135	220	1
135	227	1
136	150	1
136	160	1
136	161	1
136	163	1
136	178	1
136	199	1
136	215	1
137	153	1
137	172	1
137	191	1
137	229	1
138	140	1
138	159	1
138	225	1
139	182	1
139	292	1
140	150	1
140	171	1
140	194	1
140	202	1
140	211	1
140	217	1
140	226	1
140	271	1
141	226	1
142	156	1
143	152	1
143	157	1
143	264	1
147	164	1
147	198	1
147	204	1
147	284	1
149	273	1
150	151	1
150	152	1
150	156	1
150	158	1
150	160	1
150	164	1
150	165	1
150	168	1
150	169	1
150	171	1
150	172	1
150	173	1
150	174	1
150	178	1
150	185	1
150	187	1
150	188	1
150	191	1
150	197	1
150	202	1
150	212	1
150	213	1
150	215	1
150	225	1
150	230	1
150	232	1
150	237	1
150	253	1
150	267	1
150	269	1
150	271	1
150	284	1
151	153	1
151	154	1
151	159	1
151	164	1
151	165	1
151	178	1
151	192	1
151	226	1
151	243	1
151	252	1
151	267	1
151	293	1
152	153	1
152	154	1
152	155	1
152	157	1
152	168	1
152	169	1
152	189	1
152	191	1
152	192	1
152	198	1
152	220	1
152	225	1
152	227	1
152	229	1
152	232	1
152	236	1
152	244	1
152	246	1
152	274	1
152	294	1
153	161	1
153	171	1
153	174	1
153	188	1
153	190	1
153	192	1
153	195	1
153	198	1
153	199	1
153	211	1
153	230	1
153	234	1
153	235	1
153	259	1
153	263	1
153	275	1
153	288	1
154	159	1
154	160	1
154	161	1
154	165	1
154	171	1
154	182	1
154	184	1
154	192	1
154	194	1
154	197	1
154	199	1
154	216	1
154	227	1
154	234	1
154	235	1
154	246	1
154	254	1
155	168	1
155	185	1
155	190	1
155	192	1
155	227	1
155	236	1
155	271	1
155	272	1
156	157	1
156	166	1
156	172	1
156	173	1
156	190	1
156	206	1
156	209	1
156	223	1
156	225	1
156	226	1
156	227	1
156	244	1
156	291	1
157	165	1
157	166	1
157	225	1
157	227	1
157	234	1
157	237	1
157	281	1
157	290	1
158	234	1
158	262	1
159	160	1
159	161	1
159	175	1
159	188	1
159	190	1
159	192	1
159	198	1
159	220	1
159	225	1
159	230	1
159	232	1
159	262	1
160	168	1
160	192	1
160	194	1
160	199	1
160	201	1
160	215	1
160	227	1
160	229	1
160	243	1
160	263	1
160	271	1
160	281	1
160	286	1
161	166	1
161	170	1
161	174	1
161	183	1
161	192	1
161	240	1
161	253	1
162	170	1
162	182	1
162	222	1
162	246	1
162	284	1
163	172	1
163	188	1
163	226	1
163	275	1
164	177	1
164	187	1
164	194	1
164	197	1
164	232	1
164	234	1
164	283	1
165	227	1
165	271	1
166	171	1
166	173	1
166	182	1
166	240	1
166	250	1
167	178	1
167	187	1
167	193	1
167	207	1
167	227	1
167	229	1
167	247	1
168	170	1
168	173	1
168	175	1
168	178	1
168	191	1
168	193	1
168	196	1
168	198	1
168	211	1
168	233	1
168	237	1
168	240	1
168	243	1
168	244	1
168	281	1
169	178	1
169	189	1
169	195	1
169	206	1
169	225	1
169	243	1
169	246	1
169	264	1
169	282	1
170	174	1
170	213	1
170	225	1
170	243	1
170	250	1
170	264	1
171	184	1
171	193	1
171	206	1
171	229	1
172	226	1
172	277	1
173	242	1
173	262	1
173	267	1
174	179	1
174	183	1
174	202	1
174	264	1
174	267	1
174	286	1
175	216	1
175	239	1
175	281	1
176	271	1
178	197	1
178	198	1
178	225	1
178	229	1
180	188	1
180	227	1
180	244	1
180	281	1
181	231	1
181	234	1
181	248	1
181	257	1
182	213	1
184	227	1
185	222	1
185	228	1
185	285	1
185	295	1
186	215	1
187	188	1
187	213	1
187	215	1
188	207	1
188	208	1
188	250	1
188	263	1
190	192	1
190	194	1
190	204	1
191	234	1
191	281	1
192	215	1
192	226	1
192	229	1
192	235	1
193	234	1
193	243	1
193	258	1
193	293	1
194	196	1
194	214	1
194	239	1
194	247	1
194	282	1
195	199	1
196	198	1
197	199	1
197	201	1
197	203	1
197	225	1
197	226	1
197	230	1
197	291	1
198	221	1
198	236	1
198	291	1
199	208	1
199	264	1
200	226	1
200	258	1
201	254	1
202	225	1
204	297	1
205	262	1
205	269	1
206	219	1
206	253	1
206	262	1
206	271	1
206	282	1
208	227	1
208	285	1
209	249	1
215	225	1
220	268	1
221	262	1
222	257	1
225	226	1
225	227	1
226	258	1
227	265	1
227	268	1
227	284	1
229	236	1
229	297	1
230	266	1
231	232	1
231	276	1
233	263	1
233	264	1
234	241	1
234	244	1
234	262	1
234	281	1
235	281	1
239	269	1
239	272	1
240	246	1
241	271	1
243	248	1
243	262	1
243	276	1
243	284	1
244	262	1
244	264	1
245	251	1
245	282	1
249	267	1
250	290	1
251	254	1
251	267	1
253	283	1
255	262	1
263	276	1
266	267	1
267	274	1
267	283	1
267	286	1
271	278	1
271	285	1
272	295	1
292	295	1
