0
500	5000
1
1
21
21
21
25
25
14
14
14
9
14
14
26
4
17
34
1
1
14
9
9
9
11
11
11
11
11
11
11
11
11
11
11
11
11
11
11
11
11
11
5
34
14
14
17
17
10
10
36
37
5
7
4
22
22
21
21
21
21
7
7
36
21
25
4
8
15
15
15
37
37
9
1
1
10
10
3
3
3
29
15
36
36
37
1
36
34
20
20
8
15
9
4
5
4
20
16
16
16
16
16
38
7
7
34
38
36
8
27
8
8
8
10
10
13
13
6
26
10
1
36
0
13
16
16
22
6
5
4
0
28
28
4
2
13
13
21
21
17
17
14
36
8
40
35
15
23
0
0
7
10
37
27
35
35
0
0
19
19
36
14
37
24
17
13
36
4
4
13
13
10
4
38
32
32
4
1
0
0
0
7
7
4
15
16
40
15
15
15
15
0
21
21
21
21
5
4
4
4
4
4
4
4
5
5
4
4
22
19
19
22
34
14
0
1
17
37
1
1
1
1
1
1
1
1
1
1
1
10
23
0
4
19
19
19
19
19
19
19
19
19
19
19
19
10
14
14
1
14
7
13
20
31
40
6
4
0
8
9
9
10
0
10
14
14
14
14
39
17
4
28
17
17
17
4
4
0
0
23
4
21
36
36
0
22
21
15
37
0
4
4
4
14
4
7
7
1
15
15
38
26
20
20
20
21
9
1
1
1
1
1
1
1
1
1
1
1
10
19
7
7
17
16
14
9
9
9
8
8
13
39
14
10
17
17
13
13
13
13
2
1
0
0
0
0
0
0
0
0
0
0
0
16
16
27
8
8
14
14
14
10
14
35
37
14
36
10
7
20
10
16
36
36
14
8
7
7
7
7
7
7
7
7
7
7
7
7
7
7
7
7
7
7
7
7
7
7
7
4
9
4
0
4
16
38
14
14
21
26
27
28
21
4
1
1
9
10
15
4
26
14
35
10
34
4
4
12
17
17
14
37
37
37
34
6
13
13
13
13
4
14
10
10
10
3
17
17
17
1
4
14
14
6
27
22
21
4
4
1
34
17
30
30
4
23
14
15
1
22
12
31
6
15
15
8
15
8
8
1
15
22
2
3
4
10
4
14
14
25
6
6
40
4
36
23
14
3
14
14
0	1	1
0	2	1
0	3	1
0	4	1
0	6	1
0	7	1
0	8	1
0	9	1
0	10	1
0	11	1
0	12	1
0	13	1
0	14	1
0	15	1
0	16	1
0	17	1
0	18	1
0	19	1
0	20	1
0	22	1
0	24	1
0	25	1
0	27	1
0	28	1
0	29	1
0	32	1
0	33	1
0	34	1
0	35	1
0	36	1
0	37	1
0	38	1
0	39	1
0	42	1
0	45	1
0	48	1
0	51	1
0	52	1
0	55	1
0	61	1
0	63	1
0	64	1
0	65	1
0	67	1
0	68	1
0	69	1
0	71	1
0	72	1
0	73	1
0	77	1
0	78	1
0	79	1
0	82	1
0	83	1
0	84	1
0	85	1
0	86	1
0	88	1
0	89	1
0	93	1
0	94	1
0	95	1
0	96	1
0	97	1
0	98	1
0	102	1
0	103	1
0	106	1
0	110	1
0	111	1
0	112	1
0	117	1
0	118	1
0	119	1
0	123	1
0	125	1
0	126	1
0	127	1
0	129	1
0	130	1
0	131	1
0	133	1
0	134	1
0	135	1
0	137	1
0	138	1
0	140	1
0	141	1
0	142	1
0	143	1
0	145	1
0	146	1
0	149	1
0	151	1
0	153	1
0	154	1
0	156	1
0	157	1
0	158	1
0	160	1
0	161	1
0	162	1
0	165	1
0	166	1
0	172	1
0	174	1
0	175	1
0	176	1
0	177	1
0	181	1
0	188	1
0	190	1
0	191	1
0	192	1
0	194	1
0	196	1
0	197	1
0	199	1
0	204	1
0	205	1
0	206	1
0	207	1
0	220	1
0	221	1
0	225	1
0	226	1
0	227	1
0	232	1
0	245	1
0	250	1
0	251	1
0	252	1
0	253	1
0	254	1
0	255	1
0	256	1
0	258	1
0	259	1
0	260	1
0	262	1
0	263	1
0	264	1
0	268	1
0	271	1
0	273	1
0	274	1
0	281	1
0	285	1
0	286	1
0	287	1
0	289	1
0	292	1
0	308	1
0	312	1
0	313	1
0	316	1
0	320	1
0	321	1
0	322	1
0	328	1
0	329	1
0	334	1
0	344	1
0	348	1
0	359	1
0	360	1
0	367	1
0	375	1
0	376	1
0	377	1
0	382	1
0	383	1
0	386	1
0	389	1
0	390	1
0	391	1
0	396	1
0	397	1
0	399	1
0	404	1
0	406	1
0	410	1
0	414	1
0	417	1
0	418	1
0	420	1
0	436	1
0	437	1
0	439	1
0	440	1
0	441	1
0	442	1
0	447	1
0	451	1
0	455	1
0	467	1
0	470	1
0	474	1
0	477	1
0	481	1
1	2	1
1	4	1
1	5	1
1	6	1
1	7	1
1	8	1
1	9	1
1	13	1
1	14	1
1	15	1
1	16	1
1	18	1
1	20	1
1	24	1
1	28	1
1	30	1
1	32	1
1	34	1
1	35	1
1	36	1
1	37	1
1	38	1
1	44	1
1	47	1
1	51	1
1	52	1
1	56	1
1	60	1
1	61	1
1	63	1
1	64	1
1	65	1
1	67	1
1	68	1
1	69	1
1	71	1
1	72	1
1	73	1
1	79	1
1	87	1
1	93	1
1	105	1
1	107	1
1	110	1
1	125	1
1	126	1
1	127	1
1	133	1
1	135	1
1	142	1
1	145	1
1	158	1
1	160	1
1	161	1
1	162	1
1	163	1
1	172	1
1	176	1
1	178	1
1	186	1
1	192	1
1	203	1
1	206	1
1	215	1
1	219	1
1	221	1
1	238	1
1	250	1
1	253	1
1	254	1
1	263	1
1	265	1
1	268	1
1	273	1
1	279	1
1	281	1
1	282	1
1	286	1
1	297	1
1	300	1
1	305	1
1	312	1
1	314	1
1	316	1
1	325	1
1	334	1
1	347	1
1	349	1
1	367	1
1	368	1
1	375	1
1	377	1
1	388	1
1	391	1
1	392	1
1	394	1
1	403	1
1	414	1
1	460	1
1	473	1
1	476	1
1	486	1
2	3	1
2	4	1
2	5	1
2	6	1
2	8	1
2	10	1
2	13	1
2	16	1
2	17	1
2	18	1
2	20	1
2	27	1
2	28	1
2	29	1
2	32	1
2	33	1
2	34	1
2	35	1
2	36	1
2	37	1
2	38	1
2	39	1
2	40	1
2	43	1
2	47	1
2	51	1
2	57	1
2	59	1
2	63	1
2	64	1
2	66	1
2	67	1
2	68	1
2	76	1
2	77	1
2	80	1
2	97	1
2	102	1
2	110	1
2	114	1
2	117	1
2	125	1
2	126	1
2	130	1
2	133	1
2	134	1
2	149	1
2	153	1
2	156	1
2	158	1
2	164	1
2	167	1
2	168	1
2	174	1
2	188	1
2	191	1
2	196	1
2	202	1
2	205	1
2	212	1
2	250	1
2	251	1
2	254	1
2	261	1
2	262	1
2	268	1
2	269	1
2	272	1
2	273	1
2	281	1
2	282	1
2	293	1
2	303	1
2	312	1
2	313	1
2	316	1
2	317	1
2	328	1
2	332	1
2	337	1
2	339	1
2	344	1
2	345	1
2	347	1
2	352	1
2	354	1
2	375	1
2	377	1
2	378	1
2	381	1
2	390	1
2	391	1
2	394	1
2	403	1
2	408	1
2	422	1
2	430	1
2	437	1
2	438	1
2	439	1
2	442	1
2	469	1
2	486	1
3	4	1
3	5	1
3	10	1
3	15	1
3	16	1
3	34	1
3	47	1
3	48	1
3	50	1
3	53	1
3	63	1
3	64	1
3	65	1
3	67	1
3	78	1
3	93	1
3	94	1
3	95	1
3	110	1
3	117	1
3	121	1
3	125	1
3	128	1
3	129	1
3	133	1
3	137	1
3	141	1
3	159	1
3	163	1
3	166	1
3	188	1
3	191	1
3	219	1
3	224	1
3	253	1
3	255	1
3	260	1
3	267	1
3	273	1
3	281	1
3	282	1
3	285	1
3	290	1
3	297	1
3	302	1
3	320	1
3	323	1
3	324	1
3	328	1
3	334	1
3	342	1
3	345	1
3	379	1
3	383	1
3	390	1
3	406	1
3	410	1
3	420	1
3	457	1
3	482	1
4	5	1
4	6	1
4	8	1
4	11	1
4	12	1
4	16	1
4	17	1
4	18	1
4	21	1
4	24	1
4	32	1
4	33	1
4	36	1
4	37	1
4	39	1
4	43	1
4	44	1
4	45	1
4	47	1
4	50	1
4	52	1
4	55	1
4	63	1
4	64	1
4	65	1
4	67	1
4	72	1
4	75	1
4	77	1
4	78	1
4	79	1
4	83	1
4	87	1
4	91	1
4	92	1
4	94	1
4	95	1
4	96	1
4	98	1
4	99	1
4	102	1
4	106	1
4	115	1
4	118	1
4	120	1
4	125	1
4	126	1
4	127	1
4	129	1
4	135	1
4	137	1
4	140	1
4	141	1
4	142	1
4	157	1
4	158	1
4	159	1
4	160	1
4	162	1
4	165	1
4	167	1
4	170	1
4	174	1
4	183	1
4	184	1
4	190	1
4	191	1
4	192	1
4	198	1
4	209	1
4	210	1
4	211	1
4	217	1
4	232	1
4	234	1
4	250	1
4	251	1
4	255	1
4	258	1
4	259	1
4	260	1
4	262	1
4	264	1
4	269	1
4	271	1
4	273	1
4	274	1
4	281	1
4	282	1
4	285	1
4	286	1
4	297	1
4	308	1
4	312	1
4	313	1
4	315	1
4	320	1
4	321	1
4	324	1
4	328	1
4	330	1
4	337	1
4	351	1
4	359	1
4	375	1
4	383	1
4	390	1
4	395	1
4	400	1
4	408	1
4	413	1
4	419	1
4	425	1
4	431	1
4	437	1
4	446	1
4	447	1
4	454	1
4	459	1
4	461	1
5	9	1
5	11	1
5	17	1
5	18	1
5	21	1
5	22	1
5	32	1
5	38	1
5	42	1
5	50	1
5	63	1
5	66	1
5	80	1
5	81	1
5	98	1
5	107	1
5	126	1
5	129	1
5	132	1
5	133	1
5	134	1
5	137	1
5	140	1
5	141	1
5	146	1
5	185	1
5	189	1
5	192	1
5	211	1
5	250	1
5	251	1
5	252	1
5	254	1
5	256	1
5	260	1
5	266	1
5	267	1
5	271	1
5	277	1
5	278	1
5	284	1
5	289	1
5	292	1
5	303	1
5	312	1
5	336	1
5	344	1
5	345	1
5	355	1
5	367	1
5	375	1
5	391	1
5	406	1
5	410	1
5	415	1
5	417	1
5	429	1
5	446	1
5	455	1
5	464	1
5	489	1
6	10	1
6	12	1
6	16	1
6	17	1
6	18	1
6	20	1
6	21	1
6	28	1
6	33	1
6	34	1
6	36	1
6	43	1
6	48	1
6	51	1
6	56	1
6	65	1
6	67	1
6	71	1
6	72	1
6	79	1
6	81	1
6	87	1
6	90	1
6	97	1
6	98	1
6	117	1
6	118	1
6	125	1
6	126	1
6	127	1
6	130	1
6	134	1
6	140	1
6	145	1
6	149	1
6	160	1
6	166	1
6	167	1
6	181	1
6	189	1
6	192	1
6	215	1
6	221	1
6	229	1
6	250	1
6	252	1
6	254	1
6	260	1
6	266	1
6	277	1
6	285	1
6	286	1
6	292	1
6	323	1
6	329	1
6	332	1
6	340	1
6	381	1
6	390	1
6	422	1
6	437	1
6	438	1
6	440	1
6	442	1
6	444	1
6	449	1
6	455	1
6	467	1
7	8	1
7	9	1
7	10	1
7	21	1
7	64	1
7	65	1
7	110	1
7	125	1
7	127	1
7	129	1
7	130	1
7	143	1
7	145	1
7	188	1
7	199	1
7	204	1
7	220	1
7	260	1
7	276	1
7	282	1
7	293	1
7	297	1
7	316	1
7	320	1
7	336	1
7	399	1
7	422	1
7	485	1
7	489	1
7	494	1
8	10	1
8	12	1
8	13	1
8	14	1
8	16	1
8	18	1
8	19	1
8	21	1
8	28	1
8	30	1
8	32	1
8	33	1
8	35	1
8	38	1
8	39	1
8	45	1
8	47	1
8	51	1
8	52	1
8	55	1
8	56	1
8	57	1
8	63	1
8	64	1
8	65	1
8	66	1
8	67	1
8	69	1
8	70	1
8	71	1
8	73	1
8	76	1
8	78	1
8	82	1
8	84	1
8	85	1
8	86	1
8	90	1
8	94	1
8	96	1
8	97	1
8	103	1
8	106	1
8	111	1
8	117	1
8	125	1
8	132	1
8	133	1
8	134	1
8	135	1
8	138	1
8	141	1
8	156	1
8	160	1
8	165	1
8	180	1
8	188	1
8	189	1
8	195	1
8	203	1
8	207	1
8	220	1
8	223	1
8	250	1
8	254	1
8	255	1
8	258	1
8	259	1
8	260	1
8	262	1
8	266	1
8	267	1
8	268	1
8	269	1
8	270	1
8	271	1
8	278	1
8	281	1
8	284	1
8	285	1
8	293	1
8	301	1
8	302	1
8	312	1
8	315	1
8	325	1
8	329	1
8	333	1
8	344	1
8	348	1
8	353	1
8	355	1
8	364	1
8	377	1
8	379	1
8	381	1
8	383	1
8	384	1
8	390	1
8	394	1
8	406	1
8	411	1
8	412	1
8	415	1
8	420	1
8	424	1
8	437	1
8	451	1
8	470	1
8	473	1
8	481	1
9	11	1
9	13	1
9	14	1
9	16	1
9	17	1
9	20	1
9	30	1
9	32	1
9	33	1
9	35	1
9	36	1
9	37	1
9	38	1
9	40	1
9	47	1
9	51	1
9	63	1
9	65	1
9	69	1
9	71	1
9	73	1
9	79	1
9	80	1
9	82	1
9	97	1
9	99	1
9	100	1
9	104	1
9	110	1
9	117	1
9	125	1
9	126	1
9	129	1
9	138	1
9	146	1
9	156	1
9	158	1
9	160	1
9	192	1
9	193	1
9	206	1
9	208	1
9	219	1
9	224	1
9	229	1
9	238	1
9	250	1
9	251	1
9	252	1
9	253	1
9	254	1
9	257	1
9	258	1
9	266	1
9	271	1
9	273	1
9	281	1
9	282	1
9	286	1
9	289	1
9	292	1
9	294	1
9	297	1
9	302	1
9	305	1
9	315	1
9	345	1
9	362	1
9	368	1
9	383	1
9	410	1
9	415	1
9	457	1
10	12	1
10	16	1
10	18	1
10	20	1
10	21	1
10	26	1
10	32	1
10	34	1
10	38	1
10	48	1
10	55	1
10	63	1
10	64	1
10	67	1
10	69	1
10	70	1
10	72	1
10	79	1
10	82	1
10	87	1
10	89	1
10	94	1
10	96	1
10	101	1
10	104	1
10	127	1
10	132	1
10	135	1
10	137	1
10	151	1
10	158	1
10	160	1
10	169	1
10	175	1
10	186	1
10	189	1
10	190	1
10	195	1
10	201	1
10	202	1
10	204	1
10	221	1
10	224	1
10	236	1
10	250	1
10	254	1
10	265	1
10	267	1
10	268	1
10	269	1
10	272	1
10	281	1
10	285	1
10	289	1
10	293	1
10	297	1
10	306	1
10	318	1
10	330	1
10	336	1
10	339	1
10	344	1
10	351	1
10	383	1
10	411	1
10	425	1
11	16	1
11	25	1
11	33	1
11	40	1
11	44	1
11	66	1
11	69	1
11	90	1
11	95	1
11	125	1
11	127	1
11	142	1
11	172	1
11	188	1
11	190	1
11	203	1
11	219	1
11	225	1
11	256	1
11	260	1
11	268	1
11	270	1
11	273	1
11	287	1
11	386	1
11	390	1
11	412	1
11	424	1
11	425	1
12	20	1
12	23	1
12	25	1
12	27	1
12	34	1
12	36	1
12	38	1
12	44	1
12	46	1
12	47	1
12	63	1
12	65	1
12	66	1
12	87	1
12	99	1
12	102	1
12	107	1
12	125	1
12	126	1
12	149	1
12	156	1
12	157	1
12	199	1
12	203	1
12	207	1
12	221	1
12	254	1
12	256	1
12	258	1
12	259	1
12	261	1
12	264	1
12	266	1
12	275	1
12	283	1
12	289	1
12	300	1
12	305	1
12	312	1
12	316	1
12	376	1
12	390	1
12	404	1
12	415	1
12	419	1
12	431	1
12	438	1
12	455	1
13	20	1
13	21	1
13	36	1
13	38	1
13	39	1
13	42	1
13	59	1
13	70	1
13	118	1
13	125	1
13	142	1
13	146	1
13	154	1
13	168	1
13	176	1
13	205	1
13	219	1
13	246	1
13	254	1
13	257	1
13	261	1
13	273	1
13	281	1
13	311	1
13	321	1
13	346	1
13	377	1
13	418	1
13	441	1
13	478	1
14	29	1
14	30	1
14	33	1
14	40	1
14	49	1
14	52	1
14	56	1
14	67	1
14	68	1
14	77	1
14	84	1
14	125	1
14	128	1
14	134	1
14	141	1
14	165	1
14	209	1
14	216	1
14	227	1
14	253	1
14	255	1
14	261	1
14	276	1
14	291	1
14	305	1
14	330	1
14	347	1
14	378	1
14	383	1
14	483	1
15	16	1
15	47	1
15	157	1
15	406	1
15	417	1
15	438	1
16	18	1
16	20	1
16	22	1
16	24	1
16	25	1
16	32	1
16	33	1
16	34	1
16	39	1
16	43	1
16	45	1
16	48	1
16	53	1
16	63	1
16	65	1
16	68	1
16	70	1
16	72	1
16	75	1
16	82	1
16	90	1
16	94	1
16	99	1
16	111	1
16	119	1
16	125	1
16	128	1
16	129	1
16	133	1
16	134	1
16	135	1
16	137	1
16	138	1
16	141	1
16	142	1
16	143	1
16	144	1
16	149	1
16	150	1
16	151	1
16	157	1
16	164	1
16	182	1
16	188	1
16	190	1
16	192	1
16	195	1
16	196	1
16	203	1
16	207	1
16	224	1
16	230	1
16	238	1
16	240	1
16	250	1
16	251	1
16	252	1
16	254	1
16	255	1
16	258	1
16	261	1
16	266	1
16	273	1
16	278	1
16	290	1
16	292	1
16	297	1
16	301	1
16	312	1
16	328	1
16	336	1
16	344	1
16	347	1
16	367	1
16	371	1
16	375	1
16	384	1
16	385	1
16	388	1
16	390	1
16	391	1
16	399	1
16	405	1
16	406	1
16	407	1
16	422	1
16	437	1
16	441	1
16	457	1
16	459	1
16	493	1
17	25	1
17	26	1
17	31	1
17	32	1
17	37	1
17	39	1
17	42	1
17	46	1
17	48	1
17	59	1
17	63	1
17	64	1
17	67	1
17	68	1
17	73	1
17	79	1
17	83	1
17	98	1
17	104	1
17	125	1
17	127	1
17	128	1
17	131	1
17	134	1
17	137	1
17	141	1
17	143	1
17	147	1
17	153	1
17	162	1
17	172	1
17	176	1
17	182	1
17	188	1
17	194	1
17	198	1
17	206	1
17	211	1
17	242	1
17	251	1
17	261	1
17	262	1
17	281	1
17	297	1
17	301	1
17	312	1
17	324	1
17	345	1
17	375	1
17	381	1
17	392	1
17	396	1
17	422	1
17	438	1
17	448	1
17	481	1
18	19	1
18	25	1
18	32	1
18	33	1
18	34	1
18	35	1
18	39	1
18	47	1
18	63	1
18	67	1
18	68	1
18	74	1
18	77	1
18	94	1
18	96	1
18	97	1
18	100	1
18	103	1
18	107	1
18	112	1
18	121	1
18	127	1
18	128	1
18	129	1
18	137	1
18	156	1
18	164	1
18	166	1
18	168	1
18	173	1
18	177	1
18	188	1
18	189	1
18	192	1
18	197	1
18	226	1
18	238	1
18	242	1
18	245	1
18	250	1
18	251	1
18	256	1
18	260	1
18	261	1
18	267	1
18	269	1
18	281	1
18	286	1
18	300	1
18	303	1
18	306	1
18	314	1
18	347	1
18	375	1
18	376	1
18	377	1
18	379	1
18	406	1
18	408	1
18	429	1
18	458	1
18	462	1
18	463	1
19	20	1
19	26	1
19	29	1
19	32	1
19	37	1
19	63	1
19	68	1
19	102	1
19	127	1
19	158	1
19	178	1
19	190	1
19	197	1
19	237	1
19	251	1
19	252	1
19	255	1
19	258	1
19	262	1
19	266	1
19	292	1
19	305	1
19	348	1
19	354	1
19	368	1
19	383	1
19	390	1
19	434	1
20	22	1
20	24	1
20	28	1
20	32	1
20	33	1
20	34	1
20	37	1
20	38	1
20	39	1
20	42	1
20	43	1
20	47	1
20	48	1
20	56	1
20	63	1
20	65	1
20	66	1
20	68	1
20	73	1
20	76	1
20	78	1
20	80	1
20	87	1
20	90	1
20	98	1
20	103	1
20	105	1
20	113	1
20	137	1
20	149	1
20	153	1
20	156	1
20	158	1
20	162	1
20	194	1
20	203	1
20	220	1
20	229	1
20	250	1
20	252	1
20	254	1
20	278	1
20	282	1
20	283	1
20	285	1
20	288	1
20	289	1
20	298	1
20	312	1
20	328	1
20	334	1
20	344	1
20	359	1
20	390	1
20	391	1
20	392	1
20	396	1
20	406	1
20	408	1
20	434	1
20	437	1
20	458	1
20	490	1
21	33	1
21	37	1
21	38	1
21	46	1
21	94	1
21	104	1
21	120	1
21	130	1
21	160	1
21	170	1
21	173	1
21	190	1
21	195	1
21	222	1
21	251	1
21	252	1
21	254	1
21	262	1
21	324	1
21	331	1
21	347	1
21	355	1
21	359	1
21	363	1
21	372	1
21	379	1
21	402	1
21	408	1
21	422	1
22	39	1
22	42	1
22	55	1
22	63	1
22	71	1
22	72	1
22	74	1
22	75	1
22	78	1
22	88	1
22	95	1
22	100	1
22	102	1
22	112	1
22	129	1
22	143	1
22	153	1
22	199	1
22	223	1
22	251	1
22	252	1
22	264	1
22	281	1
22	283	1
22	299	1
22	314	1
22	375	1
22	376	1
22	380	1
22	384	1
22	387	1
22	392	1
22	406	1
22	422	1
23	32	1
23	37	1
23	125	1
23	235	1
23	274	1
23	275	1
23	312	1
23	349	1
23	392	1
24	32	1
24	34	1
24	35	1
24	39	1
24	43	1
24	45	1
24	47	1
24	51	1
24	64	1
24	66	1
24	67	1
24	70	1
24	82	1
24	96	1
24	103	1
24	104	1
24	114	1
24	121	1
24	125	1
24	128	1
24	129	1
24	130	1
24	131	1
24	140	1
24	149	1
24	156	1
24	162	1
24	172	1
24	188	1
24	189	1
24	192	1
24	193	1
24	198	1
24	203	1
24	224	1
24	252	1
24	254	1
24	255	1
24	258	1
24	259	1
24	260	1
24	262	1
24	298	1
24	299	1
24	312	1
24	313	1
24	320	1
24	346	1
24	353	1
24	365	1
24	386	1
24	425	1
25	29	1
25	32	1
25	33	1
25	35	1
25	36	1
25	98	1
25	102	1
25	114	1
25	125	1
25	153	1
25	192	1
25	197	1
25	199	1
25	205	1
25	225	1
25	282	1
25	306	1
25	314	1
25	379	1
25	390	1
25	448	1
25	461	1
25	485	1
26	33	1
26	38	1
26	41	1
26	75	1
26	78	1
26	138	1
26	156	1
26	165	1
26	192	1
26	199	1
26	200	1
26	209	1
26	211	1
26	226	1
26	250	1
26	255	1
26	257	1
26	258	1
26	259	1
26	269	1
26	288	1
26	315	1
26	334	1
26	344	1
26	353	1
26	381	1
26	404	1
27	32	1
27	82	1
27	131	1
27	138	1
27	145	1
27	156	1
27	166	1
27	228	1
27	250	1
27	254	1
27	283	1
27	347	1
27	361	1
27	406	1
27	445	1
28	35	1
28	39	1
28	59	1
28	64	1
28	68	1
28	77	1
28	86	1
28	114	1
28	125	1
28	132	1
28	136	1
28	156	1
28	158	1
28	176	1
28	188	1
28	189	1
28	253	1
28	274	1
28	277	1
28	305	1
28	314	1
28	320	1
28	397	1
28	410	1
28	457	1
28	464	1
28	468	1
29	42	1
29	63	1
29	73	1
29	133	1
29	172	1
29	188	1
29	194	1
29	215	1
29	219	1
29	250	1
29	324	1
29	364	1
29	421	1
30	33	1
30	38	1
30	51	1
30	66	1
30	98	1
30	100	1
30	127	1
30	131	1
30	174	1
30	216	1
30	230	1
30	256	1
30	263	1
30	299	1
30	375	1
30	379	1
31	64	1
31	75	1
31	89	1
31	95	1
31	145	1
31	154	1
31	235	1
31	344	1
32	37	1
32	39	1
32	40	1
32	45	1
32	47	1
32	49	1
32	63	1
32	64	1
32	65	1
32	66	1
32	67	1
32	69	1
32	71	1
32	78	1
32	79	1
32	80	1
32	83	1
32	84	1
32	90	1
32	95	1
32	96	1
32	98	1
32	103	1
32	108	1
32	109	1
32	110	1
32	125	1
32	129	1
32	130	1
32	131	1
32	132	1
32	135	1
32	138	1
32	140	1
32	143	1
32	144	1
32	146	1
32	147	1
32	149	1
32	151	1
32	153	1
32	157	1
32	161	1
32	170	1
32	181	1
32	188	1
32	192	1
32	197	1
32	199	1
32	214	1
32	216	1
32	221	1
32	225	1
32	236	1
32	251	1
32	252	1
32	254	1
32	258	1
32	260	1
32	263	1
32	265	1
32	267	1
32	268	1
32	269	1
32	270	1
32	277	1
32	284	1
32	290	1
32	295	1
32	297	1
32	299	1
32	303	1
32	317	1
32	318	1
32	324	1
32	326	1
32	330	1
32	341	1
32	345	1
32	354	1
32	375	1
32	377	1
32	380	1
32	382	1
32	390	1
32	394	1
32	398	1
32	407	1
32	408	1
32	410	1
32	411	1
32	412	1
32	424	1
32	426	1
32	432	1
32	435	1
32	438	1
32	446	1
32	461	1
32	484	1
32	485	1
32	490	1
33	34	1
33	38	1
33	44	1
33	51	1
33	52	1
33	60	1
33	63	1
33	64	1
33	65	1
33	67	1
33	78	1
33	79	1
33	80	1
33	86	1
33	88	1
33	94	1
33	96	1
33	115	1
33	126	1
33	127	1
33	137	1
33	140	1
33	154	1
33	156	1
33	165	1
33	166	1
33	188	1
33	195	1
33	213	1
33	219	1
33	220	1
33	251	1
33	252	1
33	256	1
33	257	1
33	262	1
33	264	1
33	266	1
33	267	1
33	270	1
33	272	1
33	290	1
33	291	1
33	295	1
33	298	1
33	312	1
33	315	1
33	316	1
33	323	1
33	328	1
33	331	1
33	346	1
33	351	1
33	369	1
33	370	1
33	386	1
33	394	1
33	406	1
33	437	1
33	451	1
34	40	1
34	48	1
34	51	1
34	56	1
34	60	1
34	64	1
34	66	1
34	67	1
34	69	1
34	75	1
34	83	1
34	93	1
34	106	1
34	112	1
34	125	1
34	127	1
34	131	1
34	138	1
34	156	1
34	164	1
34	168	1
34	209	1
34	211	1
34	250	1
34	266	1
34	273	1
34	278	1
34	281	1
34	285	1
34	301	1
34	312	1
34	324	1
34	328	1
34	332	1
34	338	1
34	344	1
34	351	1
34	352	1
34	356	1
34	367	1
34	375	1
34	381	1
34	384	1
34	406	1
34	425	1
34	451	1
34	455	1
34	463	1
34	484	1
34	498	1
35	36	1
35	38	1
35	67	1
35	72	1
35	77	1
35	95	1
35	96	1
35	109	1
35	114	1
35	115	1
35	125	1
35	141	1
35	142	1
35	156	1
35	166	1
35	169	1
35	188	1
35	213	1
35	223	1
35	236	1
35	258	1
35	259	1
35	292	1
35	314	1
35	379	1
35	381	1
35	455	1
36	39	1
36	41	1
36	47	1
36	48	1
36	50	1
36	63	1
36	64	1
36	71	1
36	76	1
36	77	1
36	94	1
36	102	1
36	103	1
36	110	1
36	114	1
36	117	1
36	131	1
36	134	1
36	137	1
36	141	1
36	142	1
36	143	1
36	154	1
36	160	1
36	162	1
36	170	1
36	174	1
36	189	1
36	199	1
36	213	1
36	229	1
36	230	1
36	236	1
36	252	1
36	253	1
36	254	1
36	267	1
36	269	1
36	279	1
36	339	1
36	350	1
36	351	1
36	375	1
36	376	1
36	379	1
36	381	1
36	422	1
36	437	1
36	454	1
36	459	1
36	468	1
36	478	1
37	47	1
37	63	1
37	67	1
37	75	1
37	101	1
37	102	1
37	141	1
37	156	1
37	161	1
37	172	1
37	180	1
37	192	1
37	228	1
37	250	1
37	251	1
37	258	1
37	260	1
37	275	1
37	289	1
37	313	1
37	314	1
37	414	1
38	43	1
38	46	1
38	65	1
38	69	1
38	71	1
38	74	1
38	75	1
38	77	1
38	78	1
38	83	1
38	84	1
38	86	1
38	94	1
38	96	1
38	108	1
38	114	1
38	125	1
38	141	1
38	143	1
38	198	1
38	200	1
38	252	1
38	253	1
38	259	1
38	260	1
38	266	1
38	277	1
38	282	1
38	283	1
38	286	1
38	301	1
38	313	1
38	329	1
38	337	1
38	357	1
38	360	1
38	376	1
38	377	1
38	381	1
38	412	1
38	438	1
38	442	1
38	478	1
39	43	1
39	47	1
39	50	1
39	60	1
39	61	1
39	63	1
39	68	1
39	71	1
39	78	1
39	84	1
39	94	1
39	96	1
39	97	1
39	101	1
39	103	1
39	107	1
39	110	1
39	111	1
39	125	1
39	134	1
39	156	1
39	159	1
39	174	1
39	178	1
39	214	1
39	219	1
39	250	1
39	251	1
39	260	1
39	262	1
39	263	1
39	264	1
39	270	1
39	281	1
39	282	1
39	283	1
39	294	1
39	297	1
39	306	1
39	332	1
39	350	1
39	386	1
39	403	1
39	406	1
39	428	1
39	455	1
39	466	1
39	474	1
40	43	1
40	60	1
40	67	1
40	84	1
40	129	1
40	133	1
40	147	1
40	184	1
40	197	1
40	209	1
40	229	1
40	252	1
40	253	1
40	256	1
40	258	1
40	267	1
40	268	1
40	273	1
40	297	1
40	309	1
40	312	1
40	420	1
40	438	1
40	480	1
41	47	1
41	48	1
41	51	1
41	55	1
41	107	1
41	129	1
41	133	1
41	137	1
41	156	1
41	162	1
41	167	1
41	173	1
41	178	1
41	188	1
41	215	1
41	234	1
41	251	1
41	283	1
41	313	1
41	322	1
41	345	1
41	411	1
41	418	1
41	425	1
41	449	1
41	468	1
42	58	1
42	101	1
42	106	1
42	113	1
42	115	1
42	125	1
42	140	1
42	276	1
42	301	1
42	308	1
42	328	1
42	345	1
42	396	1
42	400	1
42	461	1
43	63	1
43	72	1
43	89	1
43	95	1
43	96	1
43	104	1
43	125	1
43	132	1
43	141	1
43	149	1
43	195	1
43	263	1
43	281	1
43	289	1
43	297	1
43	321	1
43	324	1
43	330	1
43	360	1
43	361	1
43	382	1
43	390	1
43	403	1
43	414	1
43	458	1
43	477	1
44	63	1
44	67	1
44	94	1
44	135	1
44	141	1
44	162	1
44	254	1
44	277	1
44	287	1
44	328	1
44	359	1
44	383	1
45	69	1
45	83	1
45	90	1
45	98	1
45	173	1
45	211	1
45	351	1
45	447	1
46	52	1
46	157	1
46	165	1
46	192	1
46	219	1
46	227	1
46	250	1
46	312	1
46	408	1
46	410	1
46	440	1
47	48	1
47	49	1
47	51	1
47	59	1
47	61	1
47	63	1
47	67	1
47	76	1
47	84	1
47	86	1
47	90	1
47	97	1
47	126	1
47	127	1
47	129	1
47	130	1
47	144	1
47	146	1
47	149	1
47	164	1
47	187	1
47	199	1
47	227	1
47	231	1
47	238	1
47	251	1
47	254	1
47	263	1
47	282	1
47	310	1
47	312	1
47	328	1
47	344	1
47	345	1
47	357	1
47	377	1
47	379	1
47	391	1
47	392	1
47	429	1
47	439	1
47	441	1
47	447	1
47	481	1
48	63	1
48	65	1
48	82	1
48	88	1
48	120	1
48	126	1
48	129	1
48	134	1
48	146	1
48	158	1
48	182	1
48	219	1
48	250	1
48	253	1
48	260	1
48	269	1
48	287	1
48	291	1
48	294	1
48	308	1
48	320	1
48	324	1
48	326	1
48	330	1
48	447	1
49	63	1
49	64	1
49	67	1
49	71	1
49	80	1
49	127	1
49	131	1
49	161	1
49	219	1
49	250	1
49	302	1
49	307	1
49	337	1
49	376	1
49	386	1
49	414	1
50	63	1
50	65	1
50	141	1
50	160	1
50	193	1
50	203	1
50	209	1
50	224	1
50	250	1
50	256	1
50	313	1
50	347	1
50	375	1
51	56	1
51	58	1
51	71	1
51	81	1
51	114	1
51	133	1
51	135	1
51	150	1
51	156	1
51	171	1
51	210	1
51	220	1
51	251	1
51	262	1
51	308	1
51	312	1
51	313	1
51	314	1
51	342	1
51	345	1
51	347	1
51	386	1
51	388	1
51	395	1
51	416	1
51	437	1
51	445	1
51	461	1
52	71	1
52	72	1
52	156	1
52	255	1
52	399	1
52	468	1
52	497	1
53	64	1
53	74	1
53	78	1
53	82	1
53	85	1
53	98	1
53	113	1
53	129	1
53	134	1
53	192	1
53	223	1
53	255	1
53	277	1
53	304	1
53	320	1
53	345	1
53	355	1
53	392	1
53	439	1
54	159	1
54	188	1
54	192	1
54	250	1
54	255	1
54	273	1
54	283	1
54	359	1
54	378	1
54	453	1
55	65	1
55	94	1
55	104	1
55	107	1
55	125	1
55	131	1
55	132	1
55	141	1
55	142	1
55	223	1
55	256	1
55	269	1
55	281	1
55	284	1
55	307	1
55	312	1
55	324	1
55	334	1
55	346	1
55	347	1
55	411	1
55	438	1
55	458	1
56	133	1
56	140	1
56	195	1
56	210	1
56	250	1
56	271	1
56	283	1
56	312	1
56	375	1
56	416	1
56	445	1
57	94	1
57	120	1
57	134	1
57	189	1
57	190	1
57	316	1
57	347	1
58	113	1
58	125	1
59	63	1
59	72	1
59	143	1
59	164	1
59	172	1
59	206	1
59	207	1
59	277	1
59	281	1
59	377	1
59	395	1
60	150	1
60	290	1
60	322	1
60	390	1
60	492	1
61	68	1
61	95	1
61	189	1
61	262	1
61	375	1
61	383	1
62	63	1
62	132	1
62	258	1
62	268	1
62	269	1
62	445	1
63	65	1
63	68	1
63	71	1
63	72	1
63	73	1
63	77	1
63	79	1
63	82	1
63	91	1
63	100	1
63	103	1
63	104	1
63	108	1
63	125	1
63	126	1
63	127	1
63	128	1
63	129	1
63	133	1
63	135	1
63	141	1
63	142	1
63	153	1
63	156	1
63	159	1
63	160	1
63	168	1
63	171	1
63	184	1
63	188	1
63	190	1
63	195	1
63	196	1
63	198	1
63	205	1
63	209	1
63	212	1
63	220	1
63	236	1
63	251	1
63	252	1
63	254	1
63	257	1
63	258	1
63	260	1
63	267	1
63	269	1
63	274	1
63	275	1
63	276	1
63	281	1
63	282	1
63	287	1
63	293	1
63	297	1
63	307	1
63	312	1
63	315	1
63	316	1
63	320	1
63	325	1
63	337	1
63	348	1
63	353	1
63	364	1
63	368	1
63	375	1
63	376	1
63	377	1
63	379	1
63	383	1
63	384	1
63	390	1
63	408	1
63	414	1
63	415	1
63	430	1
63	436	1
63	452	1
63	457	1
63	469	1
63	476	1
63	486	1
64	65	1
64	66	1
64	78	1
64	80	1
64	83	1
64	91	1
64	98	1
64	127	1
64	133	1
64	137	1
64	138	1
64	139	1
64	150	1
64	159	1
64	181	1
64	182	1
64	188	1
64	191	1
64	195	1
64	198	1
64	203	1
64	220	1
64	221	1
64	230	1
64	235	1
64	246	1
64	252	1
64	256	1
64	258	1
64	267	1
64	271	1
64	297	1
64	304	1
64	362	1
64	375	1
64	388	1
64	391	1
64	422	1
64	441	1
64	453	1
64	477	1
64	482	1
65	67	1
65	69	1
65	70	1
65	71	1
65	73	1
65	77	1
65	78	1
65	82	1
65	83	1
65	84	1
65	90	1
65	91	1
65	94	1
65	96	1
65	110	1
65	125	1
65	127	1
65	133	1
65	137	1
65	139	1
65	141	1
65	143	1
65	154	1
65	176	1
65	193	1
65	197	1
65	198	1
65	203	1
65	204	1
65	219	1
65	230	1
65	234	1
65	248	1
65	251	1
65	258	1
65	262	1
65	266	1
65	269	1
65	271	1
65	273	1
65	277	1
65	281	1
65	282	1
65	284	1
65	289	1
65	320	1
65	321	1
65	330	1
65	344	1
65	375	1
65	377	1
65	379	1
65	393	1
65	394	1
65	414	1
65	437	1
65	438	1
65	446	1
65	478	1
66	73	1
66	90	1
66	115	1
66	142	1
66	166	1
66	190	1
66	207	1
66	250	1
66	251	1
66	252	1
66	254	1
66	258	1
66	260	1
66	269	1
66	281	1
66	293	1
66	297	1
66	299	1
66	344	1
66	345	1
66	348	1
66	351	1
66	390	1
66	441	1
66	479	1
67	70	1
67	78	1
67	82	1
67	94	1
67	125	1
67	126	1
67	129	1
67	130	1
67	138	1
67	142	1
67	145	1
67	147	1
67	160	1
67	167	1
67	172	1
67	181	1
67	191	1
67	192	1
67	193	1
67	199	1
67	210	1
67	235	1
67	247	1
67	253	1
67	255	1
67	261	1
67	262	1
67	269	1
67	275	1
67	284	1
67	309	1
67	312	1
67	318	1
67	323	1
67	327	1
67	336	1
67	379	1
67	395	1
67	408	1
68	87	1
68	97	1
68	126	1
68	134	1
68	146	1
68	190	1
68	206	1
68	252	1
68	268	1
68	269	1
68	328	1
68	329	1
68	375	1
68	376	1
68	390	1
69	94	1
69	100	1
69	125	1
69	133	1
69	142	1
69	144	1
69	146	1
69	154	1
69	157	1
69	188	1
69	190	1
69	205	1
69	281	1
69	282	1
69	287	1
69	296	1
69	320	1
69	444	1
70	80	1
70	127	1
70	189	1
70	259	1
70	293	1
70	312	1
70	313	1
70	352	1
70	422	1
70	480	1
71	73	1
71	86	1
71	90	1
71	94	1
71	102	1
71	117	1
71	118	1
71	125	1
71	126	1
71	129	1
71	130	1
71	141	1
71	143	1
71	148	1
71	161	1
71	166	1
71	168	1
71	172	1
71	192	1
71	207	1
71	232	1
71	250	1
71	252	1
71	255	1
71	266	1
71	278	1
71	283	1
71	286	1
71	306	1
71	307	1
71	313	1
71	315	1
71	331	1
71	364	1
71	376	1
71	377	1
71	390	1
71	392	1
71	402	1
71	416	1
71	438	1
71	439	1
71	441	1
71	443	1
71	449	1
71	451	1
72	80	1
72	103	1
72	127	1
72	129	1
72	132	1
72	163	1
72	173	1
72	258	1
72	259	1
72	267	1
72	276	1
72	306	1
72	313	1
72	317	1
72	321	1
72	324	1
72	376	1
72	414	1
72	449	1
72	470	1
72	478	1
73	77	1
73	88	1
73	95	1
73	99	1
73	108	1
73	110	1
73	145	1
73	149	1
73	160	1
73	161	1
73	237	1
73	250	1
73	264	1
73	266	1
73	285	1
73	345	1
73	376	1
73	384	1
73	390	1
73	406	1
73	408	1
73	441	1
73	448	1
74	92	1
74	138	1
74	149	1
74	188	1
74	190	1
74	195	1
74	229	1
74	254	1
74	259	1
74	269	1
74	312	1
74	396	1
74	433	1
75	106	1
75	123	1
75	125	1
75	130	1
75	156	1
75	162	1
75	172	1
75	207	1
75	242	1
75	252	1
75	281	1
75	291	1
75	321	1
75	379	1
75	412	1
75	469	1
76	125	1
76	153	1
76	188	1
76	214	1
76	215	1
76	267	1
76	384	1
76	488	1
77	115	1
77	127	1
77	141	1
77	144	1
77	160	1
77	188	1
77	192	1
77	193	1
77	199	1
77	250	1
77	251	1
77	255	1
77	273	1
77	336	1
77	393	1
77	414	1
77	438	1
78	79	1
78	99	1
78	103	1
78	106	1
78	127	1
78	129	1
78	131	1
78	133	1
78	136	1
78	138	1
78	141	1
78	158	1
78	161	1
78	164	1
78	181	1
78	185	1
78	188	1
78	193	1
78	202	1
78	210	1
78	246	1
78	252	1
78	255	1
78	258	1
78	259	1
78	266	1
78	274	1
78	282	1
78	285	1
78	291	1
78	299	1
78	316	1
78	328	1
78	358	1
78	384	1
78	400	1
78	422	1
78	437	1
78	441	1
78	446	1
78	449	1
78	461	1
79	125	1
79	141	1
79	165	1
79	200	1
79	227	1
79	252	1
79	271	1
79	289	1
79	313	1
79	330	1
79	338	1
79	347	1
79	362	1
79	380	1
79	383	1
79	423	1
79	445	1
80	87	1
80	90	1
80	92	1
80	115	1
80	123	1
80	125	1
80	126	1
80	145	1
80	156	1
80	182	1
80	199	1
80	220	1
80	222	1
80	251	1
80	275	1
80	283	1
80	286	1
80	291	1
80	324	1
80	327	1
80	347	1
80	375	1
80	376	1
80	406	1
80	413	1
80	414	1
80	422	1
81	114	1
81	127	1
81	131	1
81	133	1
81	141	1
81	201	1
81	250	1
81	262	1
81	338	1
81	376	1
82	136	1
82	157	1
82	231	1
82	250	1
82	262	1
82	282	1
82	316	1
82	324	1
82	333	1
82	378	1
82	379	1
82	383	1
82	391	1
82	407	1
82	426	1
82	444	1
83	125	1
83	133	1
83	136	1
83	141	1
83	148	1
83	234	1
83	251	1
83	257	1
83	285	1
83	306	1
83	336	1
84	86	1
84	127	1
84	168	1
84	256	1
84	322	1
84	336	1
84	340	1
84	434	1
84	443	1
85	98	1
85	102	1
85	131	1
85	133	1
85	156	1
85	315	1
85	377	1
86	117	1
86	127	1
86	153	1
86	158	1
86	173	1
86	202	1
86	227	1
86	238	1
86	259	1
86	262	1
86	320	1
86	375	1
86	391	1
86	393	1
86	396	1
86	398	1
86	406	1
87	97	1
87	131	1
87	157	1
87	203	1
87	221	1
87	258	1
87	285	1
87	287	1
87	302	1
87	350	1
87	377	1
87	380	1
87	408	1
87	498	1
88	92	1
88	102	1
88	127	1
88	213	1
88	256	1
88	267	1
88	326	1
88	344	1
89	130	1
89	193	1
90	95	1
90	144	1
90	250	1
90	252	1
90	260	1
90	298	1
90	299	1
90	312	1
90	313	1
91	137	1
91	162	1
91	379	1
91	390	1
92	127	1
92	143	1
92	191	1
92	204	1
92	253	1
92	344	1
92	365	1
92	379	1
92	385	1
93	118	1
93	129	1
93	252	1
93	378	1
94	99	1
94	102	1
94	103	1
94	106	1
94	126	1
94	138	1
94	151	1
94	152	1
94	156	1
94	158	1
94	168	1
94	172	1
94	176	1
94	196	1
94	203	1
94	205	1
94	253	1
94	255	1
94	259	1
94	261	1
94	281	1
94	293	1
94	305	1
94	313	1
94	344	1
94	347	1
94	348	1
94	393	1
94	410	1
94	416	1
94	426	1
94	449	1
94	484	1
94	493	1
95	102	1
95	125	1
95	133	1
95	137	1
95	146	1
95	149	1
95	188	1
95	189	1
95	250	1
95	254	1
95	268	1
95	278	1
95	283	1
95	316	1
95	318	1
95	324	1
95	334	1
95	437	1
95	441	1
96	121	1
96	171	1
96	193	1
96	203	1
96	250	1
96	268	1
96	289	1
96	342	1
96	360	1
96	375	1
96	386	1
96	400	1
96	437	1
97	101	1
97	114	1
97	131	1
97	143	1
97	159	1
97	222	1
97	262	1
97	281	1
97	294	1
97	304	1
97	314	1
97	338	1
97	384	1
97	391	1
97	392	1
97	437	1
97	474	1
98	117	1
98	158	1
98	182	1
98	193	1
98	195	1
98	233	1
98	250	1
98	253	1
98	261	1
98	266	1
98	290	1
98	296	1
98	319	1
98	320	1
98	328	1
98	329	1
98	344	1
98	359	1
98	366	1
98	381	1
98	383	1
98	490	1
99	126	1
99	128	1
99	141	1
99	282	1
99	289	1
99	357	1
99	375	1
99	453	1
99	471	1
100	104	1
100	156	1
100	157	1
100	184	1
100	192	1
100	203	1
100	219	1
100	268	1
100	341	1
100	375	1
100	379	1
100	390	1
101	194	1
101	251	1
101	285	1
101	382	1
101	414	1
101	445	1
102	110	1
102	120	1
102	125	1
102	137	1
102	156	1
102	175	1
102	191	1
102	195	1
102	224	1
102	238	1
102	250	1
102	254	1
102	286	1
102	300	1
102	314	1
102	315	1
102	316	1
102	334	1
102	337	1
102	345	1
102	379	1
102	410	1
102	469	1
103	251	1
103	319	1
103	326	1
103	344	1
103	437	1
104	105	1
104	132	1
104	141	1
104	243	1
104	268	1
104	285	1
104	312	1
104	328	1
105	142	1
105	170	1
105	229	1
105	258	1
105	291	1
105	305	1
105	386	1
106	125	1
106	127	1
106	135	1
106	144	1
106	172	1
106	267	1
106	268	1
106	375	1
106	376	1
106	406	1
106	407	1
106	453	1
107	125	1
107	180	1
107	250	1
108	125	1
108	200	1
108	219	1
108	221	1
108	305	1
108	378	1
108	474	1
109	269	1
109	288	1
109	351	1
110	128	1
110	129	1
110	133	1
110	156	1
110	177	1
110	190	1
110	193	1
110	196	1
110	205	1
110	206	1
110	252	1
110	253	1
110	268	1
110	283	1
110	299	1
110	317	1
110	322	1
110	328	1
110	333	1
110	339	1
110	351	1
110	365	1
110	438	1
111	139	1
111	156	1
111	195	1
111	213	1
111	258	1
111	267	1
112	199	1
112	301	1
112	313	1
112	390	1
113	157	1
113	230	1
113	251	1
113	266	1
113	298	1
113	312	1
113	406	1
114	125	1
114	126	1
114	132	1
114	141	1
114	145	1
114	193	1
114	254	1
114	320	1
114	411	1
115	156	1
115	204	1
115	251	1
115	252	1
115	282	1
115	375	1
115	380	1
116	138	1
116	172	1
116	293	1
117	193	1
117	195	1
117	217	1
117	267	1
117	305	1
117	312	1
117	379	1
117	424	1
118	125	1
118	131	1
118	264	1
118	297	1
119	127	1
119	143	1
119	250	1
119	269	1
119	289	1
119	376	1
119	448	1
120	129	1
120	340	1
121	126	1
121	133	1
121	283	1
121	455	1
122	137	1
122	220	1
122	251	1
123	266	1
123	305	1
123	312	1
125	127	1
125	129	1
125	131	1
125	132	1
125	134	1
125	135	1
125	143	1
125	149	1
125	150	1
125	156	1
125	158	1
125	164	1
125	167	1
125	169	1
125	178	1
125	189	1
125	192	1
125	203	1
125	206	1
125	221	1
125	250	1
125	251	1
125	253	1
125	255	1
125	261	1
125	266	1
125	268	1
125	271	1
125	281	1
125	282	1
125	283	1
125	287	1
125	289	1
125	290	1
125	299	1
125	302	1
125	306	1
125	308	1
125	312	1
125	314	1
125	315	1
125	317	1
125	318	1
125	320	1
125	322	1
125	325	1
125	328	1
125	336	1
125	339	1
125	344	1
125	345	1
125	349	1
125	375	1
125	376	1
125	377	1
125	388	1
125	399	1
125	406	1
125	412	1
125	419	1
125	422	1
125	424	1
125	437	1
125	438	1
125	439	1
125	440	1
125	448	1
125	453	1
125	454	1
125	481	1
125	487	1
126	128	1
126	156	1
126	159	1
126	161	1
126	188	1
126	198	1
126	216	1
126	220	1
126	223	1
126	238	1
126	250	1
126	251	1
126	263	1
126	269	1
126	294	1
126	297	1
126	300	1
126	308	1
126	312	1
126	320	1
126	324	1
126	328	1
126	342	1
126	355	1
126	356	1
126	359	1
126	376	1
126	379	1
126	398	1
126	401	1
126	422	1
126	437	1
126	443	1
126	467	1
127	133	1
127	139	1
127	143	1
127	148	1
127	155	1
127	165	1
127	172	1
127	174	1
127	199	1
127	236	1
127	246	1
127	252	1
127	254	1
127	257	1
127	258	1
127	262	1
127	280	1
127	285	1
127	290	1
127	293	1
127	323	1
127	348	1
127	359	1
127	361	1
127	383	1
127	398	1
127	430	1
127	443	1
128	133	1
128	156	1
128	178	1
128	181	1
128	188	1
128	220	1
128	225	1
128	250	1
128	252	1
128	282	1
128	288	1
128	295	1
128	301	1
128	325	1
128	351	1
128	375	1
128	381	1
128	384	1
128	481	1
129	130	1
129	133	1
129	134	1
129	135	1
129	137	1
129	159	1
129	217	1
129	219	1
129	225	1
129	236	1
129	243	1
129	250	1
129	252	1
129	254	1
129	256	1
129	258	1
129	262	1
129	268	1
129	269	1
129	270	1
129	278	1
129	282	1
129	285	1
129	287	1
129	312	1
129	317	1
129	322	1
129	345	1
129	375	1
129	383	1
129	391	1
129	393	1
129	454	1
129	455	1
130	139	1
130	142	1
130	149	1
130	199	1
130	207	1
130	219	1
130	253	1
130	258	1
130	282	1
130	293	1
130	315	1
130	339	1
130	355	1
130	368	1
130	377	1
130	384	1
130	403	1
130	439	1
130	453	1
130	470	1
131	150	1
131	154	1
131	189	1
131	203	1
131	206	1
131	216	1
131	242	1
131	250	1
131	251	1
131	252	1
131	262	1
131	269	1
131	284	1
131	302	1
131	326	1
131	332	1
131	360	1
131	400	1
131	439	1
131	441	1
131	446	1
131	468	1
132	143	1
132	192	1
132	196	1
132	253	1
132	261	1
132	287	1
132	294	1
132	297	1
132	308	1
132	316	1
132	383	1
132	429	1
132	446	1
132	457	1
133	136	1
133	140	1
133	149	1
133	159	1
133	163	1
133	188	1
133	190	1
133	199	1
133	235	1
133	255	1
133	258	1
133	263	1
133	277	1
133	278	1
133	281	1
133	285	1
133	292	1
133	293	1
133	302	1
133	312	1
133	320	1
133	322	1
133	376	1
133	381	1
133	382	1
133	384	1
133	390	1
133	391	1
133	406	1
133	446	1
133	461	1
133	472	1
133	498	1
134	143	1
134	156	1
134	166	1
134	195	1
134	205	1
134	252	1
134	253	1
134	257	1
134	258	1
134	259	1
134	262	1
134	266	1
134	276	1
134	301	1
134	351	1
134	408	1
134	422	1
134	431	1
135	153	1
135	156	1
135	157	1
135	160	1
135	166	1
135	188	1
135	192	1
135	197	1
135	250	1
135	251	1
135	281	1
135	283	1
135	287	1
135	298	1
135	302	1
135	304	1
135	342	1
135	367	1
135	375	1
135	377	1
135	398	1
135	418	1
135	439	1
135	456	1
135	470	1
136	188	1
136	204	1
136	237	1
136	249	1
136	262	1
136	313	1
136	314	1
137	145	1
137	158	1
137	160	1
137	190	1
137	196	1
137	203	1
137	208	1
137	228	1
137	250	1
137	253	1
137	265	1
137	269	1
137	289	1
137	314	1
137	337	1
137	362	1
137	398	1
137	411	1
138	147	1
138	203	1
138	284	1
138	316	1
138	320	1
138	376	1
138	384	1
138	411	1
139	145	1
139	224	1
139	251	1
139	258	1
139	259	1
139	295	1
139	363	1
139	377	1
139	380	1
139	391	1
140	264	1
140	333	1
141	145	1
141	147	1
141	151	1
141	188	1
141	195	1
141	196	1
141	204	1
141	211	1
141	223	1
141	250	1
141	252	1
141	254	1
141	255	1
141	258	1
141	262	1
141	266	1
141	277	1
141	281	1
141	291	1
141	306	1
141	315	1
141	320	1
141	324	1
141	344	1
141	360	1
141	375	1
141	383	1
141	384	1
141	406	1
141	410	1
141	413	1
141	439	1
141	451	1
141	485	1
141	486	1
142	146	1
142	157	1
142	166	1
142	172	1
142	189	1
142	219	1
142	262	1
142	268	1
142	321	1
142	438	1
143	158	1
143	159	1
143	188	1
143	189	1
143	190	1
143	332	1
143	334	1
143	352	1
143	394	1
143	476	1
144	154	1
144	220	1
144	258	1
144	290	1
145	157	1
145	172	1
145	266	1
145	326	1
145	327	1
145	332	1
145	355	1
145	379	1
145	380	1
145	405	1
146	182	1
146	220	1
146	231	1
146	251	1
146	266	1
146	287	1
146	292	1
146	325	1
146	332	1
146	360	1
146	372	1
146	470	1
147	175	1
147	204	1
147	250	1
147	383	1
147	393	1
147	394	1
148	203	1
148	320	1
148	398	1
149	150	1
149	153	1
149	277	1
149	324	1
149	328	1
149	348	1
149	375	1
149	387	1
149	401	1
149	484	1
150	151	1
150	172	1
150	192	1
150	195	1
150	251	1
150	254	1
150	256	1
150	262	1
150	375	1
150	379	1
151	168	1
151	250	1
151	251	1
151	259	1
151	301	1
151	409	1
151	415	1
151	437	1
152	256	1
152	321	1
152	486	1
153	212	1
153	258	1
153	297	1
153	318	1
153	383	1
153	394	1
153	453	1
154	156	1
154	159	1
154	172	1
154	250	1
154	320	1
154	375	1
154	397	1
154	422	1
155	190	1
156	162	1
156	185	1
156	189	1
156	190	1
156	194	1
156	195	1
156	201	1
156	203	1
156	215	1
156	216	1
156	250	1
156	252	1
156	253	1
156	254	1
156	258	1
156	259	1
156	269	1
156	285	1
156	289	1
156	292	1
156	295	1
156	297	1
156	301	1
156	305	1
156	316	1
156	318	1
156	323	1
156	328	1
156	335	1
156	375	1
156	377	1
156	383	1
156	406	1
156	412	1
156	468	1
156	478	1
157	164	1
157	191	1
157	202	1
157	251	1
157	253	1
157	256	1
157	258	1
157	260	1
157	289	1
157	307	1
157	375	1
157	406	1
157	418	1
157	457	1
158	182	1
158	188	1
158	196	1
158	203	1
158	211	1
158	250	1
158	254	1
158	255	1
158	286	1
158	292	1
158	306	1
158	316	1
158	324	1
158	330	1
158	337	1
159	189	1
159	254	1
159	285	1
159	336	1
159	404	1
160	196	1
160	208	1
160	223	1
160	282	1
160	285	1
160	297	1
160	312	1
160	315	1
160	320	1
160	328	1
160	332	1
160	375	1
160	391	1
160	422	1
161	164	1
161	250	1
161	294	1
161	328	1
161	344	1
161	474	1
162	188	1
162	189	1
162	204	1
162	274	1
162	310	1
162	400	1
162	414	1
163	342	1
164	172	1
164	183	1
164	195	1
164	213	1
164	253	1
164	257	1
164	258	1
164	268	1
164	269	1
164	312	1
164	313	1
164	324	1
164	328	1
164	345	1
164	347	1
164	351	1
164	380	1
164	383	1
164	468	1
165	177	1
165	238	1
165	250	1
165	267	1
165	289	1
165	347	1
165	407	1
165	426	1
165	445	1
166	196	1
166	242	1
166	264	1
166	289	1
166	352	1
167	242	1
167	258	1
167	375	1
168	199	1
168	380	1
169	189	1
169	250	1
170	250	1
170	376	1
170	393	1
170	468	1
172	188	1
172	227	1
172	251	1
172	266	1
172	289	1
172	305	1
172	332	1
172	345	1
172	350	1
172	361	1
172	366	1
172	367	1
172	375	1
172	377	1
172	389	1
172	465	1
173	203	1
173	270	1
173	300	1
173	375	1
174	231	1
174	250	1
174	307	1
174	328	1
174	367	1
174	410	1
174	423	1
175	207	1
175	252	1
175	254	1
175	268	1
175	328	1
176	204	1
176	220	1
176	252	1
176	262	1
176	266	1
176	282	1
176	286	1
176	390	1
176	395	1
176	476	1
177	230	1
177	267	1
178	317	1
178	471	1
179	260	1
179	262	1
179	281	1
179	324	1
180	252	1
180	268	1
180	313	1
180	334	1
180	390	1
180	441	1
180	447	1
181	260	1
181	289	1
181	345	1
181	367	1
182	212	1
182	286	1
182	340	1
182	351	1
183	270	1
183	303	1
183	313	1
184	188	1
184	189	1
184	349	1
184	391	1
186	198	1
186	320	1
186	369	1
186	422	1
187	254	1
187	284	1
188	237	1
188	246	1
188	247	1
188	260	1
188	268	1
188	273	1
188	278	1
188	285	1
188	290	1
188	293	1
188	297	1
188	312	1
188	317	1
188	328	1
188	345	1
188	359	1
188	375	1
188	377	1
188	398	1
188	406	1
188	414	1
188	415	1
188	446	1
188	468	1
189	192	1
189	203	1
189	207	1
189	226	1
189	236	1
189	250	1
189	255	1
189	271	1
189	281	1
189	291	1
189	298	1
189	379	1
189	383	1
189	384	1
189	394	1
189	414	1
189	468	1
190	195	1
190	254	1
190	274	1
190	283	1
190	289	1
190	314	1
190	344	1
190	354	1
190	375	1
190	377	1
190	378	1
191	259	1
191	266	1
191	315	1
191	398	1
191	433	1
192	204	1
192	208	1
192	211	1
192	214	1
192	216	1
192	221	1
192	225	1
192	250	1
192	254	1
192	262	1
192	268	1
192	274	1
192	307	1
192	312	1
192	314	1
192	337	1
192	340	1
192	341	1
192	342	1
192	345	1
192	351	1
192	385	1
192	400	1
193	219	1
193	228	1
193	229	1
193	250	1
193	252	1
193	255	1
193	256	1
193	258	1
193	282	1
193	320	1
193	398	1
194	208	1
194	277	1
194	376	1
194	398	1
194	407	1
195	211	1
195	226	1
195	252	1
195	260	1
195	261	1
195	262	1
195	266	1
195	281	1
195	284	1
195	297	1
195	314	1
195	325	1
195	359	1
195	375	1
195	380	1
195	408	1
195	481	1
196	223	1
196	266	1
196	275	1
196	324	1
196	332	1
197	220	1
197	250	1
197	254	1
197	258	1
197	267	1
197	282	1
197	289	1
197	297	1
197	314	1
197	390	1
197	394	1
197	408	1
197	437	1
198	266	1
198	286	1
198	378	1
198	483	1
199	275	1
199	281	1
199	376	1
201	207	1
201	252	1
202	309	1
203	242	1
203	267	1
203	269	1
203	274	1
203	277	1
203	281	1
203	293	1
203	301	1
203	312	1
203	322	1
203	375	1
203	382	1
203	388	1
203	438	1
204	266	1
204	274	1
204	326	1
204	334	1
204	344	1
204	406	1
204	439	1
205	227	1
205	261	1
205	287	1
205	312	1
205	345	1
205	375	1
205	380	1
206	383	1
206	391	1
206	439	1
207	218	1
207	230	1
207	242	1
207	313	1
207	359	1
207	406	1
207	412	1
208	223	1
208	227	1
208	250	1
208	266	1
208	307	1
208	437	1
208	453	1
208	462	1
209	215	1
209	263	1
209	329	1
209	344	1
210	270	1
210	272	1
211	243	1
211	262	1
211	267	1
211	290	1
211	338	1
211	384	1
212	384	1
212	454	1
213	252	1
213	260	1
215	250	1
215	284	1
215	298	1
215	332	1
215	412	1
217	257	1
219	238	1
219	250	1
219	253	1
219	254	1
219	258	1
219	266	1
219	269	1
219	288	1
219	297	1
219	329	1
219	376	1
219	378	1
219	386	1
219	407	1
219	411	1
219	455	1
219	461	1
220	239	1
220	251	1
220	267	1
220	290	1
220	291	1
220	337	1
220	380	1
220	490	1
221	250	1
221	312	1
221	396	1
221	464	1
222	253	1
222	375	1
222	384	1
222	398	1
223	229	1
223	266	1
223	279	1
223	284	1
223	296	1
223	304	1
223	321	1
223	324	1
223	381	1
223	416	1
223	423	1
224	250	1
224	282	1
224	287	1
225	284	1
225	289	1
225	292	1
225	427	1
227	250	1
227	251	1
227	254	1
227	268	1
227	301	1
227	462	1
228	337	1
229	328	1
230	293	1
230	294	1
230	383	1
230	385	1
230	438	1
232	252	1
234	268	1
234	281	1
234	298	1
234	314	1
234	384	1
234	386	1
234	392	1
234	461	1
235	236	1
235	252	1
235	301	1
235	378	1
235	379	1
235	407	1
236	252	1
236	264	1
236	284	1
236	316	1
236	322	1
236	439	1
237	386	1
238	299	1
239	266	1
239	376	1
240	459	1
242	251	1
242	376	1
246	250	1
246	283	1
246	297	1
246	316	1
246	354	1
246	375	1
250	251	1
250	252	1
250	254	1
250	255	1
250	258	1
250	262	1
250	266	1
250	267	1
250	274	1
250	283	1
250	289	1
250	291	1
250	299	1
250	304	1
250	305	1
250	308	1
250	312	1
250	314	1
250	320	1
250	329	1
250	345	1
250	356	1
250	375	1
250	376	1
250	378	1
250	380	1
250	394	1
250	396	1
250	398	1
250	413	1
250	422	1
250	423	1
250	429	1
250	442	1
250	456	1
250	463	1
251	252	1
251	260	1
251	266	1
251	267	1
251	286	1
251	287	1
251	289	1
251	295	1
251	312	1
251	317	1
251	334	1
251	342	1
251	346	1
251	357	1
251	366	1
251	367	1
251	375	1
251	393	1
251	394	1
251	409	1
251	467	1
251	490	1
252	260	1
252	263	1
252	266	1
252	282	1
252	283	1
252	297	1
252	305	1
252	307	1
252	312	1
252	314	1
252	321	1
252	328	1
252	330	1
252	332	1
252	355	1
252	375	1
252	377	1
252	387	1
252	396	1
252	406	1
252	411	1
252	443	1
253	262	1
253	267	1
253	269	1
253	285	1
253	307	1
253	315	1
253	319	1
253	324	1
253	344	1
253	422	1
254	257	1
254	268	1
254	273	1
254	284	1
254	308	1
254	312	1
254	317	1
254	346	1
254	376	1
254	379	1
254	380	1
254	383	1
254	392	1
254	409	1
254	411	1
254	442	1
254	445	1
254	453	1
255	297	1
255	305	1
255	320	1
255	321	1
255	332	1
255	336	1
255	347	1
255	378	1
255	381	1
255	383	1
255	466	1
255	476	1
256	259	1
256	262	1
256	282	1
256	302	1
256	312	1
256	323	1
256	337	1
256	345	1
256	367	1
256	375	1
256	384	1
256	406	1
256	411	1
256	429	1
256	446	1
257	263	1
257	266	1
257	273	1
257	275	1
257	332	1
257	333	1
257	410	1
257	473	1
258	260	1
258	266	1
258	268	1
258	275	1
258	276	1
258	282	1
258	316	1
258	320	1
258	345	1
258	347	1
258	350	1
258	373	1
258	384	1
258	406	1
258	409	1
258	416	1
258	437	1
258	439	1
258	441	1
258	449	1
258	472	1
258	476	1
259	267	1
259	269	1
259	281	1
259	290	1
259	297	1
259	322	1
259	328	1
259	377	1
259	392	1
259	440	1
259	446	1
259	489	1
260	269	1
260	270	1
260	274	1
260	285	1
260	301	1
260	333	1
260	346	1
260	391	1
260	398	1
260	406	1
261	267	1
261	269	1
261	278	1
261	308	1
262	265	1
262	289	1
262	312	1
262	314	1
262	318	1
262	320	1
262	328	1
262	336	1
262	377	1
262	422	1
262	426	1
263	289	1
263	303	1
263	312	1
263	422	1
263	488	1
264	268	1
264	286	1
265	294	1
265	299	1
265	407	1
266	271	1
266	296	1
266	307	1
266	312	1
266	314	1
266	330	1
266	332	1
266	351	1
266	375	1
266	377	1
266	390	1
266	398	1
266	418	1
266	423	1
266	433	1
266	449	1
266	475	1
267	286	1
267	328	1
267	345	1
267	378	1
267	380	1
267	400	1
267	408	1
268	281	1
268	283	1
268	297	1
268	347	1
268	375	1
269	281	1
269	307	1
269	330	1
269	351	1
269	418	1
269	453	1
269	454	1
270	277	1
270	301	1
270	320	1
270	377	1
270	408	1
270	437	1
271	284	1
271	312	1
271	375	1
271	381	1
271	426	1
271	484	1
272	281	1
272	406	1
273	277	1
273	294	1
273	305	1
273	312	1
273	314	1
273	379	1
273	390	1
273	406	1
273	488	1
274	283	1
274	291	1
274	324	1
274	325	1
274	386	1
274	406	1
274	415	1
275	385	1
275	478	1
276	292	1
277	283	1
277	312	1
277	375	1
277	395	1
277	408	1
277	485	1
277	487	1
279	298	1
280	336	1
281	283	1
281	286	1
281	307	1
281	312	1
281	316	1
281	329	1
281	359	1
281	375	1
281	378	1
281	392	1
281	406	1
281	409	1
281	423	1
281	450	1
281	461	1
281	479	1
282	314	1
282	328	1
282	344	1
282	354	1
282	363	1
282	393	1
282	445	1
282	456	1
283	305	1
283	312	1
283	382	1
283	419	1
283	447	1
283	472	1
284	299	1
284	302	1
284	306	1
284	383	1
285	312	1
285	328	1
285	353	1
285	411	1
285	416	1
285	461	1
287	351	1
287	415	1
287	470	1
288	406	1
288	437	1
289	297	1
289	298	1
289	299	1
289	378	1
289	402	1
289	450	1
290	314	1
290	390	1
290	415	1
290	416	1
290	419	1
290	431	1
291	377	1
291	379	1
291	395	1
291	422	1
291	429	1
291	457	1
291	468	1
292	316	1
292	355	1
293	320	1
293	375	1
293	376	1
293	390	1
293	407	1
294	401	1
295	326	1
296	315	1
296	472	1
297	306	1
297	312	1
297	320	1
297	456	1
297	461	1
298	318	1
298	323	1
298	358	1
298	403	1
298	410	1
298	416	1
298	461	1
298	470	1
299	315	1
299	328	1
299	355	1
299	375	1
299	384	1
299	397	1
299	447	1
300	337	1
300	392	1
300	398	1
300	401	1
301	332	1
301	400	1
301	457	1
302	360	1
302	439	1
303	378	1
303	382	1
304	313	1
304	327	1
304	418	1
305	312	1
305	345	1
305	381	1
305	388	1
305	390	1
306	375	1
306	394	1
306	423	1
307	312	1
307	344	1
307	416	1
308	378	1
310	366	1
312	321	1
312	328	1
312	330	1
312	335	1
312	349	1
312	375	1
312	406	1
312	407	1
312	412	1
312	445	1
312	454	1
312	469	1
312	494	1
313	316	1
313	345	1
313	414	1
313	454	1
313	484	1
314	316	1
314	328	1
314	379	1
314	382	1
314	388	1
314	390	1
314	394	1
314	406	1
314	472	1
315	318	1
315	410	1
315	437	1
315	454	1
316	328	1
316	378	1
316	392	1
316	399	1
316	432	1
316	477	1
317	330	1
317	361	1
317	381	1
317	391	1
317	461	1
318	321	1
318	390	1
320	379	1
320	468	1
320	484	1
321	324	1
321	485	1
322	394	1
322	395	1
325	353	1
325	410	1
325	442	1
326	369	1
328	376	1
328	419	1
329	409	1
329	445	1
329	447	1
330	380	1
330	441	1
330	451	1
331	458	1
332	399	1
332	406	1
332	422	1
333	380	1
336	363	1
336	422	1
340	361	1
340	412	1
340	424	1
341	452	1
344	371	1
344	383	1
344	392	1
344	445	1
344	454	1
344	469	1
345	376	1
345	390	1
347	376	1
347	379	1
347	381	1
347	391	1
348	383	1
348	400	1
348	437	1
349	363	1
349	406	1
350	384	1
350	437	1
351	411	1
351	434	1
352	377	1
352	385	1
356	383	1
358	381	1
359	384	1
359	418	1
360	375	1
360	377	1
360	468	1
361	384	1
362	444	1
367	404	1
368	419	1
369	416	1
369	422	1
375	376	1
375	382	1
375	386	1
375	391	1
375	393	1
375	412	1
375	419	1
375	438	1
375	441	1
375	444	1
375	459	1
375	461	1
375	468	1
376	455	1
376	458	1
376	471	1
377	378	1
377	383	1
377	453	1
378	386	1
379	394	1
379	430	1
380	383	1
380	418	1
380	438	1
380	447	1
381	396	1
381	486	1
382	391	1
383	386	1
383	398	1
383	406	1
383	436	1
383	445	1
383	484	1
384	410	1
384	411	1
384	439	1
386	438	1
386	442	1
387	443	1
390	406	1
390	425	1
390	456	1
391	422	1
391	437	1
392	409	1
392	468	1
394	458	1
396	445	1
399	470	1
401	402	1
406	422	1
406	457	1
409	410	1
412	454	1
414	461	1
419	453	1
421	481	1
422	472	1
423	437	1
423	465	1
423	468	1
430	498	1
431	433	1
438	465	1
438	490	1
449	475	1
459	488	1
464	468	1
