0
100	1000
1
1
21
21
21
25
25
14
14
14
9
14
14
26
4
17
34
1
1
14
9
9
9
11
11
11
11
11
11
11
11
11
11
11
11
11
11
11
11
11
11
5
34
14
14
17
17
10
10
36
37
5
7
4
22
22
21
21
21
21
7
7
36
21
25
4
8
15
15
15
37
37
9
1
1
10
10
3
3
3
29
15
36
36
37
1
36
34
20
20
8
15
9
4
5
4
20
16
16
16
0	1	1
0	2	1
0	3	1
0	4	1
0	5	1
0	7	1
0	8	1
0	9	1
0	10	1
0	13	1
0	14	1
0	15	1
0	16	1
0	17	1
0	19	1
0	20	1
0	22	1
0	25	1
0	27	1
0	28	1
0	29	1
0	30	1
0	31	1
0	32	1
0	33	1
0	34	1
0	37	1
0	38	1
0	39	1
0	41	1
0	43	1
0	49	1
0	50	1
0	51	1
0	53	1
0	54	1
0	55	1
0	56	1
0	58	1
0	60	1
0	62	1
0	63	1
0	64	1
0	65	1
0	66	1
0	67	1
0	68	1
0	69	1
0	72	1
0	73	1
0	75	1
0	76	1
0	79	1
0	80	1
0	81	1
0	82	1
0	84	1
0	87	1
0	89	1
0	93	1
1	2	1
1	3	1
1	4	1
1	5	1
1	6	1
1	7	1
1	9	1
1	10	1
1	11	1
1	13	1
1	14	1
1	15	1
1	17	1
1	18	1
1	19	1
1	22	1
1	25	1
1	26	1
1	27	1
1	30	1
1	31	1
1	32	1
1	34	1
1	36	1
1	38	1
1	40	1
1	42	1
1	44	1
1	46	1
1	50	1
1	51	1
1	52	1
1	54	1
1	55	1
1	57	1
1	59	1
1	60	1
1	62	1
1	63	1
1	64	1
1	67	1
1	69	1
1	72	1
1	75	1
1	76	1
1	77	1
1	78	1
1	80	1
1	82	1
1	84	1
1	85	1
2	3	1
2	4	1
2	7	1
2	8	1
2	10	1
2	11	1
2	12	1
2	13	1
2	14	1
2	16	1
2	17	1
2	19	1
2	20	1
2	22	1
2	25	1
2	26	1
2	27	1
2	28	1
2	31	1
2	35	1
2	38	1
2	39	1
2	40	1
2	41	1
2	51	1
2	53	1
2	55	1
2	56	1
2	57	1
2	58	1
2	59	1
2	62	1
2	63	1
2	65	1
2	67	1
2	69	1
2	72	1
2	75	1
2	76	1
2	78	1
2	80	1
2	81	1
2	83	1
2	87	1
2	88	1
2	94	1
2	96	1
3	5	1
3	6	1
3	7	1
3	8	1
3	10	1
3	13	1
3	14	1
3	15	1
3	17	1
3	19	1
3	20	1
3	22	1
3	25	1
3	26	1
3	27	1
3	28	1
3	30	1
3	31	1
3	32	1
3	34	1
3	35	1
3	37	1
3	38	1
3	39	1
3	40	1
3	41	1
3	42	1
3	45	1
3	47	1
3	48	1
3	50	1
3	51	1
3	52	1
3	53	1
3	55	1
3	56	1
3	57	1
3	58	1
3	59	1
3	60	1
3	62	1
3	63	1
3	64	1
3	65	1
3	67	1
3	69	1
3	70	1
3	75	1
3	78	1
3	81	1
3	82	1
3	84	1
3	87	1
3	91	1
3	95	1
3	97	1
4	5	1
4	7	1
4	9	1
4	10	1
4	13	1
4	16	1
4	21	1
4	22	1
4	24	1
4	25	1
4	26	1
4	28	1
4	29	1
4	31	1
4	34	1
4	38	1
4	44	1
4	50	1
4	53	1
4	56	1
4	58	1
4	59	1
4	62	1
4	63	1
4	71	1
4	74	1
4	81	1
4	84	1
4	95	1
5	7	1
5	9	1
5	14	1
5	19	1
5	29	1
5	31	1
5	34	1
5	35	1
5	38	1
5	42	1
5	44	1
5	50	1
5	51	1
5	53	1
5	54	1
5	56	1
5	57	1
5	59	1
5	63	1
5	64	1
5	75	1
5	78	1
5	81	1
5	87	1
6	7	1
6	16	1
6	19	1
6	25	1
6	28	1
6	29	1
6	31	1
6	35	1
6	38	1
6	41	1
6	45	1
6	48	1
6	57	1
6	65	1
6	79	1
6	81	1
7	8	1
7	10	1
7	11	1
7	12	1
7	13	1
7	14	1
7	15	1
7	16	1
7	18	1
7	19	1
7	20	1
7	22	1
7	23	1
7	24	1
7	25	1
7	26	1
7	27	1
7	28	1
7	29	1
7	30	1
7	31	1
7	32	1
7	34	1
7	36	1
7	38	1
7	39	1
7	41	1
7	45	1
7	47	1
7	50	1
7	51	1
7	52	1
7	53	1
7	54	1
7	55	1
7	57	1
7	58	1
7	59	1
7	60	1
7	62	1
7	63	1
7	65	1
7	68	1
7	69	1
7	73	1
7	75	1
7	80	1
7	82	1
7	83	1
7	87	1
7	88	1
7	91	1
7	93	1
7	94	1
7	97	1
8	9	1
8	14	1
8	18	1
8	19	1
8	25	1
8	27	1
8	30	1
8	31	1
8	33	1
8	34	1
8	41	1
8	44	1
8	45	1
8	50	1
8	51	1
8	54	1
8	56	1
8	58	1
8	59	1
8	62	1
8	63	1
8	64	1
8	78	1
8	83	1
8	84	1
9	17	1
9	20	1
9	27	1
9	50	1
9	51	1
9	69	1
9	71	1
10	13	1
10	14	1
10	16	1
10	17	1
10	21	1
10	25	1
10	26	1
10	28	1
10	33	1
10	34	1
10	38	1
10	41	1
10	46	1
10	50	1
10	51	1
10	53	1
10	55	1
10	56	1
10	58	1
10	61	1
10	63	1
10	65	1
10	66	1
10	68	1
10	71	1
10	75	1
10	78	1
10	81	1
10	84	1
10	87	1
10	93	1
10	95	1
10	96	1
11	15	1
11	25	1
11	26	1
11	28	1
11	29	1
11	31	1
11	38	1
11	44	1
11	50	1
11	51	1
11	69	1
11	84	1
12	25	1
12	31	1
12	38	1
12	45	1
12	53	1
12	70	1
13	14	1
13	15	1
13	17	1
13	18	1
13	19	1
13	23	1
13	24	1
13	25	1
13	26	1
13	28	1
13	32	1
13	33	1
13	34	1
13	36	1
13	37	1
13	38	1
13	39	1
13	43	1
13	44	1
13	45	1
13	46	1
13	50	1
13	51	1
13	53	1
13	54	1
13	55	1
13	58	1
13	59	1
13	60	1
13	63	1
13	64	1
13	65	1
13	75	1
13	76	1
13	85	1
13	86	1
13	89	1
13	90	1
14	15	1
14	16	1
14	19	1
14	25	1
14	26	1
14	27	1
14	28	1
14	29	1
14	30	1
14	31	1
14	32	1
14	33	1
14	34	1
14	36	1
14	38	1
14	47	1
14	50	1
14	51	1
14	53	1
14	55	1
14	56	1
14	57	1
14	58	1
14	59	1
14	61	1
14	62	1
14	66	1
14	68	1
14	69	1
14	75	1
14	76	1
14	82	1
14	83	1
14	84	1
14	87	1
14	88	1
14	90	1
14	96	1
15	16	1
15	18	1
15	26	1
15	28	1
15	33	1
15	35	1
15	38	1
15	50	1
15	62	1
15	89	1
16	17	1
16	21	1
16	22	1
16	25	1
16	30	1
16	31	1
16	38	1
16	39	1
16	41	1
16	44	1
16	50	1
16	51	1
16	52	1
16	53	1
16	56	1
16	62	1
16	65	1
16	67	1
16	69	1
16	73	1
16	75	1
16	88	1
17	20	1
17	30	1
17	36	1
17	38	1
17	39	1
17	43	1
17	44	1
17	47	1
17	48	1
17	50	1
17	51	1
17	53	1
17	54	1
17	56	1
17	64	1
17	68	1
17	71	1
17	73	1
17	75	1
17	76	1
17	79	1
17	87	1
17	93	1
18	25	1
18	50	1
18	52	1
18	53	1
18	55	1
18	58	1
18	62	1
18	70	1
18	90	1
19	20	1
19	25	1
19	27	1
19	28	1
19	31	1
19	35	1
19	38	1
19	39	1
19	40	1
19	47	1
19	51	1
19	55	1
19	57	1
19	58	1
19	60	1
19	63	1
19	65	1
19	68	1
19	75	1
19	77	1
19	81	1
19	82	1
19	89	1
20	24	1
20	25	1
20	26	1
20	27	1
20	31	1
20	38	1
20	41	1
20	50	1
20	51	1
20	53	1
20	55	1
20	61	1
20	64	1
20	65	1
20	68	1
20	95	1
21	62	1
21	78	1
22	25	1
22	26	1
22	27	1
22	32	1
22	38	1
22	39	1
22	41	1
22	51	1
22	57	1
22	89	1
22	93	1
23	31	1
23	42	1
23	46	1
23	63	1
23	71	1
23	72	1
23	88	1
23	91	1
24	25	1
24	26	1
24	27	1
24	29	1
24	30	1
24	32	1
24	44	1
24	50	1
24	51	1
24	55	1
24	57	1
24	75	1
24	80	1
25	26	1
25	27	1
25	29	1
25	30	1
25	34	1
25	38	1
25	40	1
25	41	1
25	47	1
25	48	1
25	50	1
25	51	1
25	53	1
25	54	1
25	55	1
25	56	1
25	61	1
25	62	1
25	63	1
25	66	1
25	68	1
25	69	1
25	70	1
25	72	1
25	73	1
25	75	1
25	82	1
25	84	1
25	85	1
25	89	1
25	95	1
26	27	1
26	30	1
26	34	1
26	36	1
26	38	1
26	54	1
26	56	1
26	58	1
26	59	1
26	62	1
26	65	1
26	73	1
26	75	1
26	78	1
26	81	1
26	84	1
26	85	1
27	28	1
27	31	1
27	32	1
27	33	1
27	34	1
27	37	1
27	38	1
27	39	1
27	41	1
27	44	1
27	50	1
27	52	1
27	55	1
27	56	1
27	63	1
27	65	1
27	75	1
27	78	1
27	82	1
27	90	1
28	37	1
28	39	1
28	41	1
28	42	1
28	47	1
28	50	1
28	51	1
28	52	1
28	56	1
28	57	1
28	58	1
28	62	1
28	67	1
28	70	1
28	75	1
28	76	1
28	78	1
28	79	1
28	82	1
28	85	1
28	87	1
28	94	1
29	38	1
29	50	1
29	51	1
29	56	1
29	58	1
29	75	1
29	76	1
29	78	1
29	81	1
29	89	1
30	31	1
30	35	1
30	44	1
30	50	1
30	53	1
30	55	1
30	61	1
30	62	1
30	68	1
30	75	1
30	82	1
31	35	1
31	38	1
31	50	1
31	51	1
31	52	1
31	53	1
31	55	1
31	58	1
31	59	1
31	60	1
31	62	1
31	63	1
31	65	1
31	72	1
31	75	1
31	79	1
31	81	1
31	83	1
31	84	1
31	89	1
32	50	1
32	53	1
32	55	1
32	58	1
32	59	1
32	62	1
32	64	1
32	68	1
32	77	1
32	82	1
32	96	1
33	38	1
33	39	1
33	40	1
33	47	1
33	48	1
33	51	1
33	65	1
33	75	1
33	82	1
33	85	1
34	38	1
34	40	1
34	41	1
34	50	1
34	51	1
34	53	1
34	58	1
34	62	1
34	65	1
34	70	1
34	76	1
34	78	1
34	82	1
34	86	1
34	87	1
34	92	1
35	72	1
36	38	1
36	39	1
36	51	1
36	64	1
36	88	1
37	41	1
37	62	1
37	93	1
38	39	1
38	44	1
38	50	1
38	51	1
38	55	1
38	56	1
38	61	1
38	62	1
38	75	1
38	82	1
38	84	1
38	85	1
38	89	1
38	92	1
39	50	1
39	54	1
39	75	1
39	82	1
40	48	1
40	54	1
40	56	1
40	64	1
40	79	1
41	44	1
41	51	1
41	55	1
41	62	1
41	65	1
41	68	1
41	75	1
41	82	1
41	83	1
41	89	1
42	53	1
42	54	1
42	56	1
42	59	1
42	71	1
42	75	1
44	45	1
44	48	1
44	51	1
44	52	1
44	53	1
44	57	1
44	58	1
44	61	1
44	65	1
44	73	1
44	75	1
44	78	1
44	82	1
44	83	1
44	88	1
45	50	1
46	55	1
46	75	1
47	52	1
47	72	1
48	50	1
48	96	1
49	52	1
50	51	1
50	52	1
50	55	1
50	56	1
50	61	1
50	62	1
50	65	1
50	68	1
50	70	1
50	75	1
50	82	1
50	87	1
50	88	1
51	53	1
51	54	1
51	55	1
51	56	1
51	57	1
51	58	1
51	59	1
51	62	1
51	63	1
51	65	1
51	66	1
51	72	1
51	77	1
51	78	1
51	89	1
51	90	1
51	98	1
52	57	1
52	62	1
52	72	1
52	77	1
52	81	1
52	82	1
53	55	1
53	56	1
53	59	1
53	62	1
53	63	1
53	65	1
53	78	1
53	79	1
53	82	1
53	88	1
53	89	1
53	93	1
54	55	1
54	56	1
54	58	1
54	70	1
54	75	1
54	78	1
54	84	1
54	96	1
55	62	1
55	75	1
55	79	1
55	81	1
55	93	1
55	98	1
56	58	1
56	59	1
56	61	1
56	65	1
56	66	1
56	68	1
56	75	1
56	76	1
56	78	1
56	80	1
56	81	1
56	89	1
57	61	1
57	70	1
57	77	1
58	65	1
58	66	1
58	77	1
58	91	1
59	68	1
59	82	1
59	87	1
60	62	1
60	81	1
61	62	1
61	75	1
62	70	1
62	72	1
62	76	1
62	85	1
63	75	1
63	81	1
63	96	1
64	75	1
65	69	1
65	75	1
65	83	1
66	75	1
66	92	1
68	71	1
68	75	1
68	80	1
68	81	1
68	92	1
69	79	1
70	72	1
71	79	1
71	92	1
72	76	1
72	80	1
72	81	1
75	76	1
75	79	1
75	81	1
75	82	1
75	83	1
75	88	1
75	89	1
75	93	1
78	84	1
81	82	1
81	87	1
81	92	1
84	89	1
85	90	1
