0
250	2500
1
1
21
21
21
25
25
14
14
14
9
14
14
26
4
17
34
1
1
14
9
9
9
11
11
11
11
11
11
11
11
11
11
11
11
11
11
11
11
11
11
5
34
14
14
17
17
10
10
36
37
5
7
4
22
22
21
21
21
21
7
7
36
21
25
4
8
15
15
15
37
37
9
1
1
10
10
3
3
3
29
15
36
36
37
1
36
34
20
20
8
15
9
4
5
4
20
16
16
16
16
16
38
7
7
34
38
36
8
27
8
8
8
10
10
13
13
6
26
10
1
36
0
13
16
16
22
6
5
4
0
28
28
4
2
13
13
21
21
17
17
14
36
8
40
35
15
23
0
0
7
10
37
27
35
35
0
0
19
19
36
14
37
24
17
13
36
4
4
13
13
10
4
38
32
32
4
1
0
0
0
7
7
4
15
16
40
15
15
15
15
0
21
21
21
21
5
4
4
4
4
4
4
4
5
5
4
4
22
19
19
22
34
14
0
1
17
37
1
1
1
1
1
1
1
1
1
1
1
10
23
0
4
19
19
19
19
19
19
19
19
19
19
19
19
10
14
14
1
14
0	1	1
0	2	1
0	3	1
0	4	1
0	5	1
0	6	1
0	7	1
0	8	1
0	9	1
0	10	1
0	11	1
0	12	1
0	13	1
0	14	1
0	16	1
0	17	1
0	18	1
0	19	1
0	21	1
0	22	1
0	23	1
0	25	1
0	27	1
0	28	1
0	29	1
0	32	1
0	33	1
0	34	1
0	36	1
0	38	1
0	39	1
0	40	1
0	41	1
0	47	1
0	48	1
0	51	1
0	52	1
0	54	1
0	55	1
0	56	1
0	57	1
0	58	1
0	63	1
0	64	1
0	65	1
0	66	1
0	67	1
0	68	1
0	69	1
0	70	1
0	71	1
0	74	1
0	75	1
0	78	1
0	79	1
0	80	1
0	81	1
0	82	1
0	83	1
0	84	1
0	85	1
0	87	1
0	88	1
0	89	1
0	90	1
0	91	1
0	94	1
0	95	1
0	96	1
0	98	1
0	99	1
0	102	1
0	104	1
0	106	1
0	113	1
0	115	1
0	117	1
0	118	1
0	125	1
0	126	1
0	127	1
0	128	1
0	129	1
0	130	1
0	131	1
0	133	1
0	134	1
0	137	1
0	138	1
0	141	1
0	142	1
0	143	1
0	144	1
0	148	1
0	149	1
0	150	1
0	151	1
0	152	1
0	156	1
0	157	1
0	161	1
0	162	1
0	163	1
0	164	1
0	167	1
0	168	1
0	170	1
0	173	1
0	174	1
0	178	1
0	186	1
0	187	1
0	192	1
0	194	1
0	195	1
0	196	1
0	199	1
0	202	1
0	203	1
0	205	1
0	206	1
0	211	1
0	218	1
0	219	1
0	220	1
0	221	1
0	223	1
0	228	1
0	237	1
1	2	1
1	3	1
1	4	1
1	5	1
1	6	1
1	8	1
1	9	1
1	10	1
1	12	1
1	13	1
1	14	1
1	16	1
1	17	1
1	18	1
1	22	1
1	24	1
1	25	1
1	29	1
1	30	1
1	31	1
1	32	1
1	33	1
1	34	1
1	36	1
1	39	1
1	41	1
1	42	1
1	45	1
1	47	1
1	63	1
1	66	1
1	69	1
1	71	1
1	74	1
1	77	1
1	78	1
1	79	1
1	82	1
1	86	1
1	90	1
1	94	1
1	96	1
1	98	1
1	110	1
1	119	1
1	123	1
1	125	1
1	126	1
1	127	1
1	129	1
1	133	1
1	134	1
1	147	1
1	148	1
1	156	1
1	158	1
1	160	1
1	162	1
1	168	1
1	183	1
1	187	1
1	189	1
1	190	1
1	191	1
1	193	1
1	200	1
1	203	1
1	205	1
1	220	1
1	222	1
1	244	1
2	3	1
2	4	1
2	5	1
2	7	1
2	8	1
2	9	1
2	10	1
2	11	1
2	12	1
2	16	1
2	17	1
2	21	1
2	23	1
2	24	1
2	26	1
2	27	1
2	28	1
2	29	1
2	32	1
2	33	1
2	34	1
2	35	1
2	38	1
2	39	1
2	40	1
2	43	1
2	45	1
2	47	1
2	48	1
2	49	1
2	53	1
2	55	1
2	56	1
2	57	1
2	63	1
2	64	1
2	65	1
2	67	1
2	68	1
2	69	1
2	71	1
2	77	1
2	83	1
2	85	1
2	87	1
2	90	1
2	94	1
2	97	1
2	98	1
2	107	1
2	110	1
2	112	1
2	119	1
2	125	1
2	126	1
2	127	1
2	128	1
2	130	1
2	133	1
2	137	1
2	138	1
2	139	1
2	140	1
2	141	1
2	142	1
2	149	1
2	151	1
2	152	1
2	156	1
2	157	1
2	162	1
2	164	1
2	178	1
2	187	1
2	189	1
2	190	1
2	191	1
2	192	1
2	193	1
2	194	1
2	195	1
2	197	1
2	199	1
2	203	1
2	204	1
2	220	1
2	224	1
2	230	1
2	234	1
2	246	1
3	7	1
3	8	1
3	10	1
3	12	1
3	14	1
3	16	1
3	17	1
3	21	1
3	22	1
3	25	1
3	28	1
3	32	1
3	36	1
3	39	1
3	43	1
3	48	1
3	55	1
3	64	1
3	67	1
3	68	1
3	69	1
3	72	1
3	78	1
3	79	1
3	80	1
3	82	1
3	86	1
3	89	1
3	95	1
3	96	1
3	98	1
3	99	1
3	125	1
3	132	1
3	142	1
3	160	1
3	164	1
3	179	1
3	187	1
3	188	1
3	196	1
3	204	1
3	218	1
4	6	1
4	8	1
4	10	1
4	11	1
4	13	1
4	15	1
4	18	1
4	20	1
4	21	1
4	22	1
4	24	1
4	25	1
4	26	1
4	32	1
4	33	1
4	34	1
4	36	1
4	39	1
4	42	1
4	43	1
4	45	1
4	49	1
4	50	1
4	51	1
4	53	1
4	54	1
4	56	1
4	57	1
4	58	1
4	59	1
4	62	1
4	63	1
4	64	1
4	65	1
4	67	1
4	68	1
4	69	1
4	71	1
4	72	1
4	75	1
4	78	1
4	80	1
4	82	1
4	102	1
4	113	1
4	118	1
4	125	1
4	127	1
4	129	1
4	132	1
4	133	1
4	134	1
4	135	1
4	137	1
4	141	1
4	143	1
4	148	1
4	149	1
4	153	1
4	156	1
4	162	1
4	165	1
4	166	1
4	173	1
4	180	1
4	187	1
4	191	1
4	201	1
4	204	1
4	205	1
4	211	1
4	212	1
4	214	1
4	218	1
4	219	1
4	221	1
5	6	1
5	7	1
5	8	1
5	17	1
5	24	1
5	25	1
5	32	1
5	33	1
5	34	1
5	37	1
5	47	1
5	64	1
5	65	1
5	67	1
5	71	1
5	74	1
5	84	1
5	91	1
5	94	1
5	95	1
5	97	1
5	99	1
5	125	1
5	126	1
5	129	1
5	131	1
5	137	1
5	142	1
5	144	1
5	148	1
5	150	1
5	152	1
5	157	1
5	164	1
5	177	1
5	202	1
5	203	1
5	230	1
5	234	1
6	7	1
6	8	1
6	16	1
6	17	1
6	18	1
6	24	1
6	25	1
6	26	1
6	33	1
6	36	1
6	39	1
6	40	1
6	48	1
6	49	1
6	51	1
6	52	1
6	63	1
6	65	1
6	67	1
6	70	1
6	78	1
6	79	1
6	80	1
6	81	1
6	94	1
6	95	1
6	121	1
6	125	1
6	126	1
6	127	1
6	130	1
6	131	1
6	133	1
6	148	1
6	150	1
6	152	1
6	158	1
6	166	1
6	174	1
6	188	1
6	191	1
6	197	1
6	212	1
6	226	1
6	240	1
7	9	1
7	33	1
7	37	1
7	40	1
7	41	1
7	46	1
7	63	1
7	78	1
7	87	1
7	95	1
7	125	1
7	141	1
7	144	1
7	172	1
7	197	1
7	218	1
8	10	1
8	11	1
8	12	1
8	15	1
8	16	1
8	17	1
8	18	1
8	19	1
8	20	1
8	21	1
8	22	1
8	23	1
8	24	1
8	25	1
8	27	1
8	28	1
8	32	1
8	33	1
8	34	1
8	35	1
8	36	1
8	37	1
8	38	1
8	44	1
8	47	1
8	48	1
8	49	1
8	51	1
8	52	1
8	54	1
8	63	1
8	64	1
8	65	1
8	66	1
8	67	1
8	68	1
8	69	1
8	70	1
8	71	1
8	73	1
8	74	1
8	79	1
8	80	1
8	82	1
8	84	1
8	86	1
8	87	1
8	94	1
8	97	1
8	110	1
8	111	1
8	117	1
8	120	1
8	125	1
8	126	1
8	127	1
8	128	1
8	130	1
8	134	1
8	135	1
8	137	1
8	142	1
8	148	1
8	149	1
8	150	1
8	156	1
8	158	1
8	166	1
8	171	1
8	173	1
8	179	1
8	185	1
8	187	1
8	189	1
8	190	1
8	192	1
8	195	1
8	196	1
8	204	1
8	205	1
8	208	1
8	225	1
8	226	1
9	14	1
9	18	1
9	21	1
9	24	1
9	25	1
9	29	1
9	32	1
9	33	1
9	37	1
9	39	1
9	40	1
9	46	1
9	47	1
9	52	1
9	58	1
9	63	1
9	64	1
9	65	1
9	66	1
9	67	1
9	68	1
9	69	1
9	71	1
9	72	1
9	78	1
9	79	1
9	81	1
9	83	1
9	95	1
9	96	1
9	107	1
9	111	1
9	125	1
9	126	1
9	127	1
9	137	1
9	140	1
9	141	1
9	143	1
9	152	1
9	156	1
9	160	1
9	168	1
9	188	1
9	196	1
9	199	1
9	202	1
9	208	1
9	218	1
9	224	1
9	242	1
10	12	1
10	16	1
10	18	1
10	19	1
10	28	1
10	34	1
10	36	1
10	39	1
10	42	1
10	44	1
10	47	1
10	63	1
10	64	1
10	67	1
10	71	1
10	73	1
10	88	1
10	94	1
10	95	1
10	107	1
10	120	1
10	127	1
10	129	1
10	137	1
10	148	1
10	157	1
10	158	1
10	172	1
10	178	1
10	179	1
10	181	1
10	187	1
10	199	1
10	226	1
11	32	1
11	33	1
11	36	1
11	48	1
11	60	1
11	80	1
11	86	1
11	87	1
11	88	1
11	99	1
11	109	1
11	122	1
11	125	1
11	127	1
11	128	1
11	141	1
11	144	1
11	156	1
11	205	1
12	14	1
12	15	1
12	17	1
12	18	1
12	25	1
12	26	1
12	30	1
12	33	1
12	34	1
12	36	1
12	58	1
12	63	1
12	64	1
12	68	1
12	69	1
12	77	1
12	78	1
12	79	1
12	82	1
12	84	1
12	89	1
12	90	1
12	98	1
12	99	1
12	102	1
12	103	1
12	105	1
12	107	1
12	119	1
12	123	1
12	125	1
12	126	1
12	127	1
12	129	1
12	133	1
12	141	1
12	152	1
12	159	1
12	165	1
12	168	1
12	169	1
12	180	1
12	195	1
12	199	1
12	201	1
12	203	1
12	204	1
12	220	1
12	226	1
12	243	1
13	15	1
13	16	1
13	18	1
13	24	1
13	28	1
13	30	1
13	51	1
13	55	1
13	59	1
13	63	1
13	64	1
13	66	1
13	71	1
13	84	1
13	95	1
13	96	1
13	102	1
13	126	1
13	127	1
13	137	1
13	142	1
13	152	1
13	172	1
13	187	1
13	188	1
13	191	1
13	204	1
14	17	1
14	26	1
14	30	1
14	33	1
14	34	1
14	36	1
14	55	1
14	63	1
14	64	1
14	71	1
14	73	1
14	74	1
14	81	1
14	125	1
14	133	1
14	136	1
14	141	1
14	146	1
14	147	1
14	187	1
14	206	1
14	227	1
15	19	1
15	36	1
15	50	1
15	62	1
15	63	1
15	70	1
15	126	1
15	138	1
15	141	1
15	148	1
15	156	1
15	161	1
15	178	1
15	189	1
16	17	1
16	18	1
16	21	1
16	22	1
16	24	1
16	25	1
16	30	1
16	32	1
16	34	1
16	35	1
16	39	1
16	40	1
16	44	1
16	52	1
16	58	1
16	60	1
16	63	1
16	64	1
16	65	1
16	66	1
16	67	1
16	69	1
16	70	1
16	71	1
16	72	1
16	73	1
16	80	1
16	82	1
16	85	1
16	90	1
16	94	1
16	99	1
16	101	1
16	104	1
16	106	1
16	107	1
16	110	1
16	125	1
16	126	1
16	129	1
16	130	1
16	132	1
16	136	1
16	137	1
16	138	1
16	141	1
16	142	1
16	144	1
16	148	1
16	152	1
16	157	1
16	158	1
16	162	1
16	164	1
16	172	1
16	176	1
16	180	1
16	181	1
16	187	1
16	188	1
16	191	1
16	192	1
16	195	1
16	203	1
16	207	1
16	218	1
16	220	1
16	224	1
16	225	1
16	227	1
16	238	1
17	22	1
17	24	1
17	32	1
17	34	1
17	36	1
17	41	1
17	43	1
17	44	1
17	48	1
17	53	1
17	54	1
17	55	1
17	59	1
17	63	1
17	64	1
17	65	1
17	66	1
17	69	1
17	73	1
17	75	1
17	79	1
17	80	1
17	81	1
17	82	1
17	83	1
17	104	1
17	106	1
17	117	1
17	126	1
17	127	1
17	130	1
17	141	1
17	142	1
17	148	1
17	164	1
17	165	1
17	179	1
17	187	1
17	189	1
17	191	1
17	205	1
17	240	1
17	242	1
18	24	1
18	26	1
18	32	1
18	34	1
18	36	1
18	39	1
18	49	1
18	59	1
18	63	1
18	64	1
18	66	1
18	67	1
18	71	1
18	72	1
18	74	1
18	77	1
18	78	1
18	97	1
18	104	1
18	118	1
18	125	1
18	126	1
18	127	1
18	133	1
18	142	1
18	144	1
18	145	1
18	148	1
18	152	1
18	154	1
18	157	1
18	164	1
18	168	1
18	172	1
18	178	1
18	187	1
18	188	1
18	191	1
18	195	1
18	202	1
18	203	1
18	219	1
18	220	1
18	226	1
19	48	1
19	63	1
19	64	1
19	70	1
19	74	1
19	80	1
19	91	1
19	95	1
19	101	1
19	113	1
19	125	1
19	130	1
19	133	1
19	135	1
19	141	1
19	154	1
19	156	1
19	158	1
19	177	1
19	179	1
19	187	1
20	22	1
20	25	1
20	32	1
20	34	1
20	35	1
20	36	1
20	37	1
20	38	1
20	44	1
20	47	1
20	48	1
20	51	1
20	57	1
20	63	1
20	64	1
20	69	1
20	71	1
20	72	1
20	74	1
20	76	1
20	78	1
20	80	1
20	81	1
20	86	1
20	88	1
20	90	1
20	96	1
20	104	1
20	107	1
20	110	1
20	125	1
20	127	1
20	130	1
20	132	1
20	133	1
20	134	1
20	141	1
20	142	1
20	150	1
20	155	1
20	161	1
20	187	1
20	188	1
20	203	1
20	222	1
20	230	1
20	232	1
21	24	1
21	25	1
21	38	1
21	47	1
21	50	1
21	69	1
21	80	1
21	87	1
21	88	1
21	103	1
21	104	1
21	125	1
21	131	1
21	136	1
21	156	1
21	162	1
21	173	1
21	203	1
21	208	1
21	220	1
21	222	1
21	226	1
21	234	1
21	235	1
21	236	1
22	30	1
22	32	1
22	35	1
22	67	1
22	68	1
22	72	1
22	78	1
22	80	1
22	84	1
22	111	1
22	114	1
22	117	1
22	125	1
22	129	1
22	133	1
22	141	1
22	157	1
22	187	1
22	188	1
22	192	1
22	195	1
22	218	1
23	32	1
23	33	1
23	71	1
23	78	1
23	79	1
23	84	1
23	97	1
23	104	1
23	166	1
23	189	1
23	231	1
24	27	1
24	32	1
24	37	1
24	47	1
24	52	1
24	55	1
24	60	1
24	63	1
24	65	1
24	78	1
24	80	1
24	96	1
24	98	1
24	117	1
24	125	1
24	127	1
24	128	1
24	131	1
24	133	1
24	142	1
24	147	1
24	161	1
24	176	1
24	189	1
24	194	1
24	195	1
24	213	1
24	214	1
24	218	1
24	219	1
25	37	1
25	47	1
25	57	1
25	63	1
25	70	1
25	71	1
25	94	1
25	95	1
25	98	1
25	113	1
25	118	1
25	125	1
25	128	1
25	149	1
25	150	1
25	152	1
25	160	1
25	187	1
25	191	1
25	195	1
25	234	1
26	27	1
26	34	1
26	36	1
26	39	1
26	46	1
26	47	1
26	50	1
26	64	1
26	65	1
26	70	1
26	74	1
26	80	1
26	85	1
26	86	1
26	118	1
26	135	1
26	142	1
26	157	1
26	179	1
26	191	1
26	222	1
27	32	1
27	42	1
27	63	1
27	65	1
27	69	1
27	73	1
27	86	1
27	94	1
27	119	1
27	125	1
27	141	1
27	144	1
27	172	1
27	196	1
27	213	1
27	227	1
28	34	1
28	50	1
28	55	1
28	71	1
28	102	1
28	114	1
28	130	1
28	133	1
28	134	1
28	142	1
28	144	1
28	147	1
28	173	1
28	174	1
28	185	1
28	188	1
28	236	1
29	40	1
29	60	1
29	63	1
29	72	1
29	76	1
29	86	1
29	125	1
29	127	1
29	133	1
29	164	1
29	188	1
30	43	1
30	63	1
30	64	1
30	65	1
30	72	1
30	96	1
30	134	1
30	142	1
30	211	1
31	64	1
31	71	1
31	84	1
31	88	1
31	95	1
31	204	1
32	33	1
32	34	1
32	36	1
32	42	1
32	44	1
32	45	1
32	48	1
32	49	1
32	56	1
32	57	1
32	58	1
32	60	1
32	63	1
32	64	1
32	65	1
32	68	1
32	69	1
32	71	1
32	72	1
32	73	1
32	78	1
32	80	1
32	81	1
32	82	1
32	83	1
32	88	1
32	91	1
32	94	1
32	97	1
32	102	1
32	109	1
32	111	1
32	118	1
32	125	1
32	127	1
32	128	1
32	130	1
32	133	1
32	135	1
32	141	1
32	145	1
32	148	1
32	156	1
32	166	1
32	168	1
32	187	1
32	191	1
32	198	1
32	204	1
32	213	1
32	215	1
32	218	1
32	222	1
32	234	1
33	35	1
33	38	1
33	39	1
33	47	1
33	65	1
33	67	1
33	69	1
33	71	1
33	73	1
33	76	1
33	78	1
33	83	1
33	89	1
33	95	1
33	96	1
33	97	1
33	101	1
33	125	1
33	126	1
33	127	1
33	128	1
33	130	1
33	133	1
33	136	1
33	137	1
33	142	1
33	146	1
33	159	1
33	161	1
33	164	1
33	174	1
33	183	1
33	218	1
33	222	1
33	242	1
33	248	1
34	36	1
34	40	1
34	41	1
34	47	1
34	58	1
34	59	1
34	64	1
34	66	1
34	69	1
34	70	1
34	71	1
34	72	1
34	74	1
34	86	1
34	94	1
34	97	1
34	109	1
34	110	1
34	125	1
34	127	1
34	129	1
34	133	1
34	141	1
34	145	1
34	148	1
34	156	1
34	160	1
34	166	1
34	177	1
34	187	1
34	188	1
34	195	1
34	196	1
34	234	1
35	36	1
35	56	1
35	65	1
35	67	1
35	80	1
35	82	1
35	86	1
35	98	1
35	109	1
35	125	1
35	127	1
35	128	1
35	137	1
35	139	1
35	152	1
35	164	1
35	193	1
35	209	1
35	242	1
36	44	1
36	51	1
36	53	1
36	63	1
36	64	1
36	66	1
36	73	1
36	76	1
36	79	1
36	82	1
36	94	1
36	95	1
36	99	1
36	107	1
36	110	1
36	114	1
36	117	1
36	128	1
36	133	1
36	141	1
36	142	1
36	143	1
36	148	1
36	152	1
36	157	1
36	158	1
36	170	1
36	172	1
36	173	1
36	178	1
36	179	1
36	191	1
36	195	1
36	200	1
36	211	1
36	218	1
37	49	1
37	83	1
37	110	1
37	114	1
37	125	1
37	142	1
37	158	1
37	191	1
37	218	1
37	219	1
38	41	1
38	71	1
38	117	1
38	136	1
38	137	1
38	139	1
38	150	1
38	180	1
38	203	1
38	223	1
39	43	1
39	46	1
39	54	1
39	63	1
39	64	1
39	67	1
39	69	1
39	71	1
39	76	1
39	79	1
39	82	1
39	93	1
39	94	1
39	98	1
39	105	1
39	126	1
39	127	1
39	129	1
39	132	1
39	135	1
39	136	1
39	155	1
39	158	1
39	161	1
39	164	1
39	173	1
39	177	1
39	180	1
39	191	1
39	195	1
39	214	1
39	216	1
39	220	1
39	221	1
39	223	1
39	234	1
40	42	1
40	50	1
40	62	1
40	70	1
40	71	1
40	79	1
40	83	1
40	110	1
40	125	1
40	128	1
40	129	1
40	134	1
40	141	1
40	150	1
40	157	1
40	159	1
40	166	1
40	187	1
40	201	1
40	212	1
40	226	1
41	42	1
41	43	1
41	48	1
41	68	1
41	77	1
41	80	1
41	110	1
41	142	1
41	151	1
41	157	1
41	158	1
41	187	1
41	209	1
42	66	1
42	74	1
42	98	1
42	133	1
42	144	1
42	161	1
43	45	1
43	54	1
43	63	1
43	64	1
43	65	1
43	69	1
43	78	1
43	87	1
43	90	1
43	106	1
43	111	1
43	119	1
43	131	1
43	144	1
43	187	1
43	221	1
44	47	1
44	51	1
44	64	1
44	70	1
44	73	1
44	156	1
44	159	1
44	196	1
45	47	1
45	67	1
45	78	1
45	173	1
46	50	1
46	106	1
46	144	1
46	163	1
46	187	1
46	242	1
47	50	1
47	57	1
47	60	1
47	65	1
47	69	1
47	72	1
47	73	1
47	78	1
47	88	1
47	94	1
47	98	1
47	101	1
47	104	1
47	113	1
47	116	1
47	119	1
47	125	1
47	133	1
47	134	1
47	141	1
47	143	1
47	152	1
47	158	1
47	159	1
47	162	1
47	163	1
47	166	1
47	173	1
47	178	1
47	188	1
47	189	1
47	197	1
47	203	1
47	204	1
47	207	1
47	218	1
47	226	1
47	231	1
47	246	1
48	51	1
48	55	1
48	65	1
48	68	1
48	99	1
48	109	1
48	111	1
48	126	1
48	133	1
48	148	1
48	158	1
48	171	1
48	173	1
48	184	1
48	191	1
48	192	1
48	193	1
48	203	1
48	228	1
49	51	1
49	69	1
49	71	1
49	75	1
49	79	1
49	82	1
49	90	1
49	100	1
49	125	1
49	189	1
50	63	1
50	65	1
50	126	1
50	174	1
51	57	1
51	63	1
51	64	1
51	70	1
51	71	1
51	74	1
51	84	1
51	99	1
51	125	1
51	126	1
51	127	1
51	129	1
51	142	1
51	153	1
51	157	1
51	165	1
51	172	1
51	187	1
51	219	1
52	63	1
52	64	1
52	67	1
52	69	1
52	73	1
52	96	1
52	111	1
52	141	1
52	202	1
52	204	1
53	147	1
53	204	1
53	218	1
54	60	1
54	95	1
54	103	1
54	107	1
54	126	1
54	128	1
54	222	1
54	236	1
55	66	1
55	75	1
55	94	1
55	95	1
55	118	1
55	125	1
55	128	1
55	142	1
55	175	1
55	179	1
55	188	1
55	191	1
55	212	1
56	71	1
56	72	1
56	81	1
56	82	1
56	144	1
56	196	1
57	129	1
57	171	1
57	195	1
58	82	1
58	90	1
59	73	1
59	136	1
59	148	1
59	154	1
59	160	1
59	187	1
59	189	1
60	109	1
60	137	1
60	147	1
60	156	1
60	199	1
60	219	1
61	137	1
61	172	1
62	149	1
62	201	1
62	220	1
63	66	1
63	67	1
63	68	1
63	73	1
63	75	1
63	78	1
63	79	1
63	80	1
63	82	1
63	88	1
63	90	1
63	96	1
63	97	1
63	98	1
63	109	1
63	113	1
63	115	1
63	118	1
63	125	1
63	127	1
63	129	1
63	130	1
63	133	1
63	134	1
63	137	1
63	141	1
63	142	1
63	143	1
63	144	1
63	146	1
63	150	1
63	152	1
63	156	1
63	157	1
63	158	1
63	159	1
63	162	1
63	163	1
63	166	1
63	169	1
63	172	1
63	173	1
63	178	1
63	180	1
63	181	1
63	188	1
63	189	1
63	196	1
63	200	1
63	203	1
63	204	1
63	212	1
63	221	1
63	226	1
63	238	1
63	240	1
64	65	1
64	67	1
64	69	1
64	72	1
64	78	1
64	82	1
64	88	1
64	96	1
64	97	1
64	126	1
64	128	1
64	129	1
64	130	1
64	137	1
64	139	1
64	156	1
64	166	1
64	204	1
64	218	1
64	234	1
65	69	1
65	94	1
65	97	1
65	103	1
65	109	1
65	117	1
65	125	1
65	130	1
65	133	1
65	142	1
65	158	1
65	176	1
65	187	1
65	195	1
65	198	1
65	200	1
65	203	1
65	211	1
66	67	1
66	79	1
66	96	1
66	97	1
66	127	1
66	133	1
66	138	1
66	165	1
66	187	1
66	220	1
66	226	1
66	235	1
67	71	1
67	86	1
67	94	1
67	96	1
67	97	1
67	117	1
67	118	1
67	129	1
67	133	1
67	168	1
67	172	1
67	190	1
67	192	1
67	203	1
67	218	1
67	226	1
68	71	1
68	80	1
68	82	1
68	83	1
68	125	1
68	129	1
68	131	1
68	133	1
68	134	1
68	136	1
68	141	1
68	145	1
68	168	1
68	205	1
69	71	1
69	88	1
69	90	1
69	130	1
69	135	1
70	102	1
70	129	1
70	138	1
70	139	1
70	140	1
70	158	1
70	166	1
70	170	1
70	220	1
71	73	1
71	74	1
71	76	1
71	78	1
71	83	1
71	87	1
71	88	1
71	90	1
71	91	1
71	94	1
71	95	1
71	96	1
71	97	1
71	100	1
71	103	1
71	104	1
71	109	1
71	125	1
71	133	1
71	141	1
71	142	1
71	144	1
71	150	1
71	152	1
71	156	1
71	162	1
71	164	1
71	165	1
71	166	1
71	168	1
71	181	1
71	188	1
71	189	1
71	191	1
71	192	1
71	199	1
71	205	1
71	213	1
71	234	1
71	236	1
71	237	1
72	78	1
72	80	1
72	81	1
72	86	1
72	98	1
72	109	1
72	125	1
72	128	1
72	134	1
72	172	1
72	175	1
72	184	1
72	187	1
72	205	1
73	84	1
73	97	1
73	109	1
73	125	1
73	164	1
73	222	1
74	76	1
74	97	1
74	98	1
74	127	1
74	152	1
74	160	1
74	173	1
74	178	1
74	193	1
74	203	1
74	244	1
75	79	1
75	91	1
75	96	1
75	109	1
75	126	1
75	141	1
75	168	1
75	195	1
76	86	1
76	100	1
76	127	1
76	135	1
76	142	1
76	158	1
77	99	1
77	131	1
77	187	1
78	79	1
78	90	1
78	96	1
78	104	1
78	105	1
78	108	1
78	125	1
78	127	1
78	130	1
78	133	1
78	160	1
78	161	1
78	162	1
78	164	1
78	168	1
78	176	1
78	187	1
78	194	1
78	203	1
78	206	1
78	212	1
78	218	1
79	88	1
79	96	1
79	125	1
79	150	1
79	158	1
79	232	1
80	96	1
80	97	1
80	102	1
80	107	1
80	134	1
80	142	1
80	143	1
80	148	1
80	178	1
80	198	1
80	205	1
80	248	1
81	83	1
81	161	1
81	187	1
81	205	1
82	84	1
82	94	1
82	121	1
82	124	1
82	125	1
82	126	1
82	130	1
82	134	1
82	143	1
82	148	1
82	187	1
82	212	1
82	215	1
83	109	1
83	117	1
83	125	1
83	162	1
83	188	1
83	190	1
83	199	1
83	230	1
84	131	1
84	133	1
84	134	1
84	142	1
84	162	1
84	195	1
85	86	1
85	115	1
85	177	1
85	235	1
86	90	1
86	93	1
86	101	1
86	103	1
86	131	1
86	152	1
86	155	1
86	158	1
86	165	1
86	175	1
86	187	1
86	189	1
86	233	1
86	242	1
87	127	1
87	190	1
87	234	1
88	94	1
88	114	1
88	125	1
88	141	1
88	142	1
88	148	1
88	168	1
88	187	1
89	126	1
89	132	1
89	149	1
89	204	1
89	218	1
90	97	1
90	123	1
90	131	1
90	133	1
90	138	1
90	203	1
90	218	1
91	129	1
91	138	1
92	158	1
92	222	1
93	148	1
94	95	1
94	96	1
94	100	1
94	102	1
94	105	1
94	118	1
94	125	1
94	127	1
94	161	1
94	164	1
94	178	1
94	190	1
94	194	1
94	199	1
94	203	1
94	206	1
94	208	1
94	213	1
94	218	1
95	103	1
95	104	1
95	108	1
95	126	1
95	131	1
95	133	1
95	141	1
95	145	1
95	157	1
95	169	1
95	190	1
95	203	1
95	228	1
95	236	1
96	126	1
96	130	1
96	133	1
96	156	1
96	158	1
96	170	1
96	187	1
96	188	1
96	190	1
96	231	1
97	127	1
97	131	1
97	145	1
97	175	1
97	212	1
97	232	1
97	238	1
98	131	1
98	132	1
98	133	1
98	138	1
98	144	1
98	194	1
98	198	1
98	210	1
99	103	1
99	125	1
99	130	1
99	133	1
99	136	1
99	175	1
99	218	1
100	140	1
100	189	1
100	212	1
100	227	1
102	110	1
102	125	1
102	142	1
102	157	1
102	162	1
102	235	1
103	172	1
103	187	1
103	189	1
104	105	1
104	128	1
104	133	1
104	144	1
104	169	1
104	198	1
105	141	1
105	142	1
105	187	1
105	239	1
106	148	1
106	164	1
107	125	1
107	127	1
107	133	1
107	134	1
107	137	1
107	143	1
107	144	1
107	187	1
107	189	1
107	220	1
107	244	1
108	134	1
108	187	1
109	122	1
109	125	1
109	127	1
109	128	1
109	156	1
109	162	1
109	172	1
109	224	1
110	137	1
110	138	1
110	205	1
111	125	1
111	167	1
111	169	1
111	188	1
111	202	1
111	222	1
111	238	1
112	152	1
112	176	1
113	119	1
113	142	1
114	133	1
114	158	1
114	218	1
116	125	1
116	132	1
117	125	1
117	144	1
118	212	1
118	235	1
120	181	1
120	195	1
120	227	1
121	125	1
121	230	1
122	145	1
122	148	1
123	195	1
124	148	1
125	127	1
125	129	1
125	130	1
125	131	1
125	133	1
125	134	1
125	139	1
125	142	1
125	143	1
125	144	1
125	149	1
125	156	1
125	158	1
125	164	1
125	171	1
125	172	1
125	178	1
125	189	1
125	190	1
125	192	1
125	198	1
125	203	1
125	204	1
125	216	1
125	218	1
125	224	1
125	227	1
125	231	1
125	232	1
125	234	1
125	246	1
126	127	1
126	129	1
126	135	1
126	137	1
126	144	1
126	146	1
126	150	1
126	161	1
126	171	1
126	174	1
126	187	1
126	188	1
126	189	1
126	190	1
126	202	1
126	206	1
126	218	1
126	223	1
126	229	1
127	128	1
127	129	1
127	133	1
127	138	1
127	140	1
127	151	1
127	152	1
127	157	1
127	158	1
127	164	1
127	189	1
127	197	1
127	203	1
127	215	1
127	216	1
127	238	1
128	142	1
128	144	1
128	154	1
128	189	1
128	197	1
129	130	1
129	131	1
129	133	1
129	141	1
129	146	1
129	156	1
129	157	1
129	161	1
129	164	1
129	168	1
129	174	1
129	188	1
129	189	1
129	191	1
129	197	1
129	213	1
129	226	1
129	245	1
130	131	1
130	133	1
130	140	1
130	141	1
130	164	1
130	168	1
130	178	1
130	188	1
130	197	1
130	207	1
131	132	1
131	141	1
131	164	1
131	178	1
131	188	1
131	196	1
131	212	1
131	230	1
132	136	1
132	162	1
132	164	1
132	189	1
132	203	1
133	144	1
133	145	1
133	160	1
133	161	1
133	173	1
133	174	1
133	175	1
133	212	1
133	213	1
133	214	1
133	223	1
133	231	1
133	234	1
134	141	1
134	142	1
134	157	1
134	187	1
134	188	1
134	191	1
135	143	1
135	195	1
135	199	1
135	210	1
136	158	1
136	189	1
136	199	1
136	214	1
137	141	1
137	145	1
137	149	1
137	154	1
137	219	1
138	156	1
138	170	1
138	197	1
138	224	1
138	227	1
139	142	1
139	156	1
139	187	1
139	199	1
139	203	1
139	212	1
140	216	1
140	244	1
141	144	1
141	154	1
141	157	1
141	161	1
141	172	1
141	187	1
141	196	1
141	203	1
141	222	1
141	223	1
141	228	1
141	230	1
141	234	1
141	246	1
142	144	1
142	148	1
142	165	1
142	176	1
142	177	1
142	187	1
142	188	1
142	189	1
142	191	1
142	203	1
142	207	1
142	222	1
142	234	1
142	246	1
143	156	1
144	152	1
144	156	1
144	173	1
144	187	1
144	195	1
144	204	1
144	218	1
144	224	1
145	153	1
145	158	1
145	164	1
145	169	1
145	195	1
145	220	1
146	238	1
147	159	1
148	155	1
148	156	1
148	166	1
149	160	1
149	161	1
149	190	1
149	234	1
150	165	1
150	180	1
150	187	1
150	205	1
150	221	1
150	234	1
151	160	1
151	179	1
151	198	1
151	218	1
152	183	1
156	160	1
156	162	1
156	164	1
156	189	1
156	213	1
156	214	1
156	216	1
156	222	1
157	189	1
157	191	1
157	195	1
157	203	1
158	160	1
158	162	1
158	164	1
158	171	1
158	195	1
158	209	1
158	218	1
159	189	1
160	172	1
160	180	1
160	193	1
160	230	1
161	164	1
161	170	1
161	210	1
161	219	1
161	224	1
162	187	1
162	236	1
163	188	1
165	166	1
165	178	1
165	189	1
165	199	1
165	208	1
165	222	1
166	187	1
169	201	1
169	210	1
170	183	1
170	245	1
171	192	1
172	174	1
172	194	1
172	203	1
172	230	1
172	236	1
173	220	1
174	188	1
175	188	1
179	188	1
179	211	1
181	199	1
181	238	1
184	187	1
185	190	1
187	189	1
187	195	1
187	198	1
187	203	1
187	204	1
187	224	1
188	195	1
188	226	1
189	206	1
189	224	1
189	231	1
190	215	1
190	217	1
192	220	1
194	204	1
195	198	1
195	219	1
196	203	1
196	206	1
196	221	1
197	199	1
201	207	1
201	218	1
201	237	1
203	217	1
203	220	1
203	228	1
205	220	1
205	229	1
208	219	1
212	221	1
212	226	1
215	238	1
221	230	1
223	243	1
234	248	1
