0
10 14
11
17
6
5
12
19
17
10
19
11
0 1 7
0 3 8
0 7 19
1 2 4
1 9 7
1 4 5
2 4 12
2 5 14
2 8 14
3 9 12
4 6 4
4 8 5
4 9 18
6 9 7
1
11 18
8
19
6
18
12
19
12
14
14
8
9
0 1 1
0 3 10
0 6 14
0 10 14
0 7 9
1 2 14
1 4 5
1 7 0
1 8 0
1 9 1
1 5 0
2 6 13
3 5 11
3 9 10
4 10 12
5 9 1
6 10 12
8 10 15
2
11 17 
3
10
13
11
10
5
13
2
19
15
0
0 1 9
0 2 1
0 3 17
0 4 9
0 5 1
1 5 4
1 8 12
2 5 14
2 7 11
2 8 10
3 4 4
3 10 1
4 9 14
4 5 4
5 6 14
6 8 10
6 7 11
3
10 14 
10
12
11
9
8
0
17
2
9
7
0 1 1
0 2 4
0 3 3
1 3 12
1 6 5
1 4 14
1 2 18
2 4 9
2 5 1
2 9 3
4 8 14
4 6 6
5 9 5
6 7 6
4
12 21 
1
8
9
12
15
1
9
16
7
5
14
3
0 1 0
0 3 14
0 10 9
0 2 2
1 2 14
1 4 10
1 5 0
1 7 17
2 4 18
2 5 2
3 5 14
3 6 12
4 6 18
5 6 3
5 9 19
5 10 9
6 8 5
6 10 15
7 11 12
7 8 8
9 11 1